+-------------------------------+
|       Estatísticas do Grafo  |
+-------------------------------+
Número de Vértices:         12
Número de Arestas:           36
Número de Arcos:             36
Número de Nós Obrigatórios:1
Arestas Obrigatórias:        22
Arcos Obrigatórios:          33
Densidade:                    0.2727
Componentes Conectados:       1
Grau Mínimo:                 1
Grau Máximo:                 5
Caminho Médio:               24.39
Diâmetro:                    65

+-------------------------------+
|   Intermediação (Betweenness) |
+-------------------------------+
Nó       Valor
-------------------------------
0         0.00
1         28.00
2         10.00
3         0.00
4         25.00
5         13.00
6         13.00
7         17.00
8         30.00
9         8.00
10        29.00
11        5.00

+-------------------------------+
|      Matriz de Distâncias     |
+-------------------------------+
      0     1     2     3     4     5     6     7     8     9     10    11    
0     0     13    19    17    14    7     19    27    15    19    29    4     
1     INF   0     18    9     36    38    34    26    2     18    16    47    
2     INF   18    0     20    54    56    52    44    20    36    34    65    
3     INF   9     27    0     45    47    43    35    11    27    25    56    
4     INF   23    5     25    0     7     29    30    25    32    20    11    
5     INF   30    12    32    7     0     36    37    32    39    27    18    
6     INF   29    16    36    11    4     0     8     27    11    18    18    
7     INF   21    24    30    19    12    8     0     19    3     10    26    
8     INF   2     20    11    34    36    32    24    0     16    14    45    
9     INF   18    36    27    32    34    30    22    16    0     12    43    
10    INF   30    25    39    20    22    18    10    28    12    0     31    
11    INF   33    15    35    10    3     18    26    35    29    30    0     
