122
6
19
19
0 1 1 77 19 17 (D 0,1,1) (S 1,1,1) (S 52,1,2) (S 3,2,2) (S 6,2,2) (S 60,2,3) (S 4,3,3) (S 63,3,4) (S 7,4,4) (S 10,4,4) (S 66,4,5) (S 11,5,5) (S 68,5,39) (S 97,39,5) (S 95,5,4) (S 67,4,38) (S 51,38,39)
0 1 2 78 -2147483636 10 (D 0,1,1) (S 53,1,6) (S 9,6,6) (S 69,6,7) (S 71,7,13) (S 2,13,13) (S 13,13,13) (S 16,13,17) (S 21,17,18) (S 23,18,19)
0 1 3 100 29 12 (D 0,1,1) (S 54,1,8) (S 72,8,9) (S 8,9,9) (S 14,9,9) (S 75,9,10) (S 77,10,16) (S 106,16,10) (S 84,10,1) (S 55,1,10) (S 104,10,9) (S 76,9,15)
0 1 4 75 16 10 (D 0,1,1) (S 56,1,11) (S 78,11,12) (S 0,12,12) (S 5,12,12) (S 15,12,17) (S 22,17,20) (S 25,20,21) (S 27,21,22) (S 29,22,25)
0 1 5 100 -2147483614 15 (D 0,1,1) (S 57,1,33) (S 46,33,34) (S 47,34,35) (S 48,35,36) (S 49,36,37) (S 50,37,38) (S 96,38,4) (S 92,4,3) (S 64,3,7) (S 93,7,3) (S 65,3,37) (S 94,37,3) (S 89,3,2) (S 61,2,6)
0 1 6 44 12 5 (D 0,1,1) (S 58,1,35) (S 87,35,1) (S 59,1,40) (S 88,40,1)
