123
6
43
43
0 1 1 98 -2147483628 21 (D 0,1,1) (S 30,1,2) (S 26,2,2) (S 38,2,3) (S 2,3,3) (S 12,3,3) (S 19,3,3) (S 23,3,3) (S 25,3,3) (S 29,3,3) (S 41,3,4) (S 21,4,4) (S 44,4,5) (S 17,5,5) (S 24,5,5) (S 46,5,39) (S 112,39,5) (S 110,5,4) (S 45,4,38) (S 95,38,39) (S 155,39,32)
0 1 2 100 -2147483631 12 (D 0,1,1) (S 31,1,6) (S 47,6,7) (S 49,7,13) (S 0,13,13) (S 1,13,13) (S 3,13,13) (S 60,13,17) (S 65,17,18) (S 67,18,19) (S 128,19,13) (S 115,13,7)
0 1 3 99 -2147483640 13 (D 0,1,1) (S 32,1,8) (S 5,8,8) (S 8,8,8) (S 11,8,8) (S 15,8,8) (S 16,8,8) (S 20,8,8) (S 27,8,8) (S 50,8,9) (S 53,9,10) (S 9,10,10) (S 119,10,9)
0 1 4 99 32 11 (D 0,1,1) (S 33,1,10) (S 10,10,10) (S 18,10,10) (S 28,10,10) (S 55,10,16) (S 121,16,10) (S 99,10,1) (S 34,1,11) (S 56,11,12) (S 58,12,13)
0 1 5 100 -2147483614 15 (D 0,1,1) (S 35,1,33) (S 90,33,34) (S 91,34,35) (S 92,35,36) (S 93,36,37) (S 94,37,38) (S 111,38,4) (S 107,4,3) (S 42,3,7) (S 108,7,3) (S 43,3,37) (S 109,37,3) (S 104,3,2) (S 39,2,6)
0 1 6 44 12 5 (D 0,1,1) (S 36,1,35) (S 102,35,1) (S 37,1,40) (S 103,40,1)
