766
9
304
304
 0 1 1 20 49 5 (D 0,1,1) (S 8,1,6) (S 24,3,6) (S 5,6,6) (D 0,1,1)
 0 1 2 38 105 5 (D 0,1,1) (S 1,2,2) (S 10,2,5) (S 9,5,7) (D 0,1,1)
 0 1 3 27 45 4 (D 0,1,1) (S 6,7,7) (S 16,7,10) (D 0,1,1)
 0 1 4 20 152 4 (D 0,1,1) (S 15,1,8) (S 18,8,10) (D 0,1,1)
 0 1 5 8 101 4 (D 0,1,1) (S 7,7,9) (S 19,9,10) (D 0,1,1)
 0 1 6 41 93 6 (D 0,1,1) (S 17,7,8) (S 21,2,3) (S 2,3,3) (S 20,3,7) (D 0,1,1)
 0 1 7 39 57 5 (D 0,1,1) (S 3,4,4) (S 13,4,2) (S 23,4,1) (D 0,1,1)
 0 1 8 26 108 5 (D 0,1,1) (S 12,1,9) (S 22,3,8) (S 14,8,9) (D 0,1,1)
 0 1 9 26 56 4 (D 0,1,1) (S 4,5,5) (S 11,5,9) (D 0,1,1)
