1059
11
2149
2149
 0 1 1 91 221 13 (D 0,1,1) (S 22,1,2) (S 5,10,10) (S 18,22,23) (S 31,23,24) (S 8,15,15) (S 9,16,16) (S 20,12,13) (S 7,13,13) (S 6,12,12) (S 32,12,16) (S 26,11,5) (D 0,1,1)
 0 1 2 62 109 7 (D 0,1,1) (S 21,3,9) (S 4,9,9) (S 15,10,11) (S 2,5,5) (S 1,2,2) (D 0,1,1)
 0 1 3 48 151 7 (D 0,1,1) (S 38,19,20) (S 11,20,20) (S 10,17,17) (S 16,17,18) (S 24,18,14) (D 0,1,1)
 0 1 4 15 45 5 (D 0,1,1) (S 13,3,4) (S 25,4,5) (S 27,5,4) (D 0,1,1)
 0 1 5 15 82 5 (D 0,1,1) (S 28,21,24) (S 12,24,24) (S 30,15,11) (D 0,1,1)
 0 1 6 12 96 4 (D 0,1,1) (S 33,12,6) (S 3,6,6) (D 0,1,1)
 0 1 7 8 18 4 (D 0,1,1) (S 34,1,3) (S 29,3,1) (D 0,1,1)
 0 1 8 16 98 5 (D 0,1,1) (S 17,13,14) (S 23,8,7) (S 35,7,6) (D 0,1,1)
 0 1 9 23 90 4 (D 0,1,1) (S 19,19,22) (S 36,19,9) (D 0,1,1)
 0 1 10 9 88 4 (D 0,1,1) (S 37,7,8) (S 14,8,14) (D 0,1,1)
 0 1 11 11 61 4 (D 0,1,1) (S 40,23,20) (S 39,20,10) (D 0,1,1)
