433
8
247
247
 0 1 1 4 60 6 (D 0,1,1) (S 6,12,12) (S 3,6,6) (S 2,3,3) (S 9,3,4) (D 0,1,1)
 0 1 2 4 53 6 (D 0,1,1) (S 12,1,7) (S 16,6,7) (S 4,7,7) (S 11,7,12) (D 0,1,1)
 0 1 3 3 29 4 (D 0,1,1) (S 15,1,2) (S 1,2,2) (D 0,1,1)
 0 1 4 2 65 4 (D 0,1,1) (S 14,5,11) (S 7,5,12) (D 0,1,1)
 0 1 5 3 76 5 (D 0,1,1) (S 13,3,11) (S 18,2,9) (S 5,9,9) (D 0,1,1)
 0 1 6 2 56 4 (D 0,1,1) (S 19,12,11) (S 10,5,6) (D 0,1,1)
 0 1 7 2 46 4 (D 0,1,1) (S 17,1,10) (S 20,8,10) (D 0,1,1)
 0 1 8 2 48 4 (D 0,1,1) (S 8,1,4) (S 21,4,11) (D 0,1,1)
