866
13
14260
14260
 0 1 1 76 104 12 (D 0,1,1) (S 43,2,3) (S 1,3,3) (S 2,4,4) (S 37,4,13) (S 41,13,12) (S 8,12,12) (S 56,11,6) (S 4,6,6) (S 22,6,31) (S 40,31,1) (D 0,1,1)
 0 1 2 17 25 4 (D 0,1,1) (S 20,1,30) (S 19,30,30) (D 0,1,1)
 0 1 3 39 75 10 (D 0,1,1) (S 46,1,31) (S 54,10,5) (S 3,5,5) (S 7,10,10) (S 21,14,15) (S 9,15,15) (S 59,14,10) (S 29,5,31) (D 0,1,1)
 0 1 4 60 92 12 (D 0,1,1) (S 51,29,28) (S 18,29,29) (S 16,27,27) (S 44,27,26) (S 33,23,26) (S 15,26,26) (S 14,23,23) (S 23,23,24) (S 26,24,27) (S 34,29,31) (D 0,1,1)
 0 1 5 52 99 8 (D 0,1,1) (S 64,6,11) (S 61,18,19) (S 11,19,19) (S 24,19,21) (S 13,21,21) (S 57,18,12) (D 0,1,1)
 0 1 6 53 111 9 (D 0,1,1) (S 47,1,2) (S 31,3,9) (S 27,9,13) (S 25,13,19) (S 32,19,20) (S 38,22,20) (S 12,20,20) (D 0,1,1)
 0 1 7 23 53 6 (D 0,1,1) (S 45,16,15) (S 53,16,17) (S 10,17,17) (S 36,17,11) (D 0,1,1)
 0 1 8 27 51 6 (D 0,1,1) (S 48,31,28) (S 28,25,28) (S 17,28,28) (S 39,28,29) (D 0,1,1)
 0 1 9 22 38 5 (D 0,1,1) (S 6,8,8) (S 49,8,2) (S 63,2,1) (D 0,1,1)
 0 1 10 22 52 5 (D 0,1,1) (S 52,5,6) (S 42,11,12) (S 50,12,8) (D 0,1,1)
 0 1 11 23 69 5 (D 0,1,1) (S 58,10,11) (S 55,12,18) (S 30,18,21) (D 0,1,1)
 0 1 12 3 41 4 (D 0,1,1) (S 60,9,4) (S 35,4,9) (D 0,1,1)
 0 1 13 34 56 6 (D 0,1,1) (S 65,2,8) (S 62,8,7) (S 5,7,7) (S 66,7,8) (D 0,1,1)
