225
11
215
215
 0 1 1 32 36 5 (D 0,1,1) (S 1,2,2) (S 8,2,7) (S 6,7,7) (D 0,1,1)
 0 1 2 35 40 6 (D 0,1,1) (S 10,1,3) (S 2,3,3) (S 9,3,8) (S 7,8,8) (D 0,1,1)
 0 1 3 19 25 4 (D 0,1,1) (S 3,4,4) (S 11,4,7) (D 0,1,1)
 0 1 4 19 21 4 (D 0,1,1) (S 12,1,5) (S 4,5,5) (D 0,1,1)
 0 1 5 14 20 4 (D 0,1,1) (S 14,4,6) (S 5,6,6) (D 0,1,1)
 0 1 6 6 11 3 (D 0,1,1) (S 16,3,6) (D 0,1,1)
 0 1 7 7 9 3 (D 0,1,1) (S 17,1,7) (D 0,1,1)
 0 1 8 5 9 3 (D 0,1,1) (S 18,2,5) (D 0,1,1)
 0 1 9 12 23 4 (D 0,1,1) (S 13,4,5) (S 19,5,7) (D 0,1,1)
 0 1 10 13 21 4 (D 0,1,1) (S 15,1,6) (S 20,6,7) (D 0,1,1)
 0 1 11 6 10 3 (D 0,1,1) (S 21,2,6) (D 0,1,1)
