707
11
2225
2225
 0 1 1 20 43 5 (D 0,1,1) (S 4,9,9) (S 11,19,20) (S 8,20,20) (D 0,1,1)
 0 1 2 23 55 5 (D 0,1,1) (S 2,7,7) (S 13,7,4) (S 39,4,1) (D 0,1,1)
 0 1 3 25 79 5 (D 0,1,1) (S 1,2,2) (S 17,2,4) (S 38,4,6) (D 0,1,1)
 0 1 4 12 52 5 (D 0,1,1) (S 40,1,10) (S 18,10,18) (S 19,18,19) (D 0,1,1)
 0 1 5 38 117 11 (D 0,1,1) (S 41,3,4) (S 10,4,11) (S 5,11,11) (S 9,11,16) (S 7,15,15) (S 21,6,15) (S 27,16,17) (S 3,8,8) (S 37,8,9) (D 0,1,1)
 0 1 6 17 60 5 (D 0,1,1) (S 15,5,14) (S 22,14,15) (S 24,6,11) (D 0,1,1)
 0 1 7 12 34 4 (D 0,1,1) (S 16,1,8) (S 25,8,20) (D 0,1,1)
 0 1 8 36 91 7 (D 0,1,1) (S 34,1,9) (S 20,3,8) (S 26,12,17) (S 28,17,18) (S 36,10,12) (D 0,1,1)
 0 1 9 19 51 6 (D 0,1,1) (S 35,7,13) (S 6,13,13) (S 29,13,14) (S 12,5,1) (D 0,1,1)
 0 1 10 16 83 6 (D 0,1,1) (S 14,3,21) (S 30,21,22) (S 31,2,5) (S 33,5,6) (D 0,1,1)
 0 1 11 6 42 4 (D 0,1,1) (S 32,2,3) (S 23,3,9) (D 0,1,1)
