855
13
10622
10622
 0 1 1 44 68 9 (D 0,1,1) (S 20,31,31) (S 47,5,10) (S 23,10,16) (S 9,16,16) (S 10,17,17) (S 31,5,31) (S 45,31,1) (D 0,1,1)
 0 1 2 110 151 12 (D 0,1,1) (S 1,2,2) (S 2,3,3) (S 29,9,13) (S 27,13,19) (S 12,19,19) (S 21,19,21) (S 13,21,21) (S 11,18,18) (S 4,6,6) (S 26,6,31) (D 0,1,1)
 0 1 3 43 64 8 (D 0,1,1) (S 41,5,6) (S 24,6,7) (S 5,7,7) (S 39,7,8) (S 54,8,2) (S 48,2,1) (D 0,1,1)
 0 1 4 52 90 8 (D 0,1,1) (S 19,30,30) (S 18,29,29) (S 61,29,28) (S 25,25,28) (S 17,28,28) (S 60,29,30) (D 0,1,1)
 0 1 5 30 57 8 (D 0,1,1) (S 6,10,10) (S 40,10,14) (S 7,14,14) (S 28,14,15) (S 8,15,15) (S 37,10,5) (D 0,1,1)
 0 1 6 26 51 6 (D 0,1,1) (S 16,27,27) (S 14,23,23) (S 32,23,26) (S 34,26,28) (D 0,1,1)
 0 1 7 12 28 4 (D 0,1,1) (S 42,6,11) (S 43,11,6) (D 0,1,1)
 0 1 8 21 49 6 (D 0,1,1) (S 3,4,4) (S 55,4,13) (S 46,13,12) (S 35,12,11) (D 0,1,1)
 0 1 9 14 34 4 (D 0,1,1) (S 53,2,8) (S 49,8,7) (D 0,1,1)
 0 1 10 20 66 5 (D 0,1,1) (S 30,8,9) (S 56,9,4) (S 38,4,3) (D 0,1,1)
 0 1 11 18 47 4 (D 0,1,1) (S 57,11,12) (S 52,12,8) (D 0,1,1)
 0 1 12 35 99 7 (D 0,1,1) (S 44,12,18) (S 51,18,19) (S 58,22,20) (S 36,20,22) (S 22,19,22) (D 0,1,1)
 0 1 13 26 51 6 (D 0,1,1) (S 50,31,28) (S 59,28,26) (S 33,23,24) (S 15,24,24) (D 0,1,1)
