670
11
4356
4356
 0 1 1 87 125 15 (D 0,1,1) (S 3,5,5) (S 7,11,11) (S 8,12,12) (S 36,17,16) (S 32,16,17) (S 11,17,17) (S 12,18,18) (S 10,14,14) (S 9,13,13) (S 23,13,17) (S 26,16,15) (S 37,15,20) (S 14,20,20) (D 0,1,1)
 0 1 2 19 35 7 (D 0,1,1) (S 1,2,2) (S 17,2,10) (S 6,10,10) (S 43,2,5) (S 31,5,1) (D 0,1,1)
 0 1 3 70 102 7 (D 0,1,1) (S 18,5,11) (S 4,6,6) (S 19,6,7) (S 5,7,7) (S 34,6,5) (D 0,1,1)
 0 1 4 31 70 7 (D 0,1,1) (S 48,19,20) (S 46,9,3) (S 2,3,3) (S 20,3,4) (S 21,4,5) (D 0,1,1)
 0 1 5 39 63 5 (D 0,1,1) (S 22,1,20) (S 15,21,21) (S 24,21,24) (D 0,1,1)
 0 1 6 11 33 4 (D 0,1,1) (S 25,20,15) (S 28,15,21) (D 0,1,1)
 0 1 7 21 76 6 (D 0,1,1) (S 44,13,7) (S 27,8,14) (S 29,14,8) (S 38,17,12) (D 0,1,1)
 0 1 8 36 54 5 (D 0,1,1) (S 13,19,19) (S 30,19,9) (S 33,9,1) (D 0,1,1)
 0 1 9 20 34 4 (D 0,1,1) (S 39,20,19) (S 35,19,1) (D 0,1,1)
 0 1 10 19 49 6 (D 0,1,1) (S 16,23,23) (S 45,23,22) (S 40,22,23) (S 42,23,21) (D 0,1,1)
 0 1 11 5 29 4 (D 0,1,1) (S 47,12,16) (S 41,16,12) (D 0,1,1)
