1677
19
39807
39807
 0 1 1 114 168 13 (D 0,1,1) (S 1,2,2) (S 2,3,3) (S 8,10,10) (S 13,16,16) (S 58,16,23) (S 12,15,15) (S 11,13,13) (S 60,13,12) (S 10,12,12) (S 5,6,6) (S 41,6,1) (D 0,1,1)
 0 1 2 29 55 6 (D 0,1,1) (S 83,1,6) (S 42,6,12) (S 23,12,19) (S 14,19,19) (D 0,1,1)
 0 1 3 34 104 9 (D 0,1,1) (S 7,8,8) (S 26,8,9) (S 72,9,3) (S 25,9,10) (S 57,16,10) (S 34,15,14) (S 81,13,7) (D 0,1,1)
 0 1 4 68 130 13 (D 0,1,1) (S 78,12,13) (S 24,13,14) (S 71,14,15) (S 33,15,21) (S 16,21,21) (S 17,22,22) (S 22,22,23) (S 49,23,24) (S 18,24,24) (S 32,24,23) (S 38,22,15) (D 0,1,1)
 0 1 5 19 56 5 (D 0,1,1) (S 84,14,20) (S 15,20,20) (S 35,20,19) (D 0,1,1)
 0 1 6 12 53 4 (D 0,1,1) (S 21,3,10) (S 36,9,15) (D 0,1,1)
 0 1 7 24 46 5 (D 0,1,1) (S 55,6,7) (S 6,7,7) (S 39,7,6) (D 0,1,1)
 0 1 8 22 60 5 (D 0,1,1) (S 27,12,18) (S 37,18,19) (S 45,19,13) (D 0,1,1)
 0 1 9 50 117 7 (D 0,1,1) (S 3,4,4) (S 51,4,11) (S 9,11,11) (S 46,11,5) (S 4,5,5) (D 0,1,1)
 0 1 10 52 148 10 (D 0,1,1) (S 79,13,19) (S 76,31,32) (S 31,21,27) (S 47,27,28) (S 19,28,28) (S 67,28,23) (S 74,22,21) (S 80,21,15) (D 0,1,1)
 0 1 11 22 62 5 (D 0,1,1) (S 50,18,29) (S 20,29,29) (S 65,29,18) (D 0,1,1)
 0 1 12 28 98 7 (D 0,1,1) (S 53,19,25) (S 44,30,31) (S 52,31,30) (S 68,30,25) (S 59,25,26) (D 0,1,1)
 0 1 13 21 67 5 (D 0,1,1) (S 43,2,8) (S 61,8,2) (S 62,2,13) (D 0,1,1)
 0 1 14 18 80 6 (D 0,1,1) (S 29,20,26) (S 54,26,27) (S 63,27,32) (S 48,32,27) (D 0,1,1)
 0 1 15 21 90 5 (D 0,1,1) (S 66,17,11) (S 73,11,4) (S 87,4,3) (D 0,1,1)
 0 1 16 17 74 4 (D 0,1,1) (S 75,26,25) (S 40,25,29) (D 0,1,1)
 0 1 17 17 76 4 (D 0,1,1) (S 77,25,30) (S 70,31,26) (D 0,1,1)
 0 1 18 17 81 5 (D 0,1,1) (S 56,15,22) (S 30,28,33) (S 82,33,34) (D 0,1,1)
 0 1 19 29 112 7 (D 0,1,1) (S 64,17,24) (S 69,23,28) (S 28,28,34) (S 86,34,33) (S 85,33,32) (D 0,1,1)
