1553
15
59809
59809
 0 1 1 128 222 20 (D 0,1,1) (S 1,2,2) (S 33,2,3) (S 2,3,3) (S 3,4,4) (S 50,16,19) (S 76,17,20) (S 15,20,20) (S 30,21,27) (S 32,27,28) (S 28,27,32) (S 23,32,32) (S 42,32,26) (S 72,25,26) (S 19,26,26) (S 89,24,14) (S 11,15,15) (S 61,10,9) (S 6,9,9) (D 0,1,1)
 0 1 2 56 98 12 (D 0,1,1) (S 60,1,7) (S 5,7,7) (S 46,8,9) (S 74,10,15) (S 47,15,14) (S 10,14,14) (S 36,23,24) (S 17,24,24) (S 18,25,25) (S 62,25,15) (D 0,1,1)
 0 1 3 64 127 10 (D 0,1,1) (S 44,10,11) (S 7,11,11) (S 37,21,22) (S 16,22,22) (S 13,18,18) (S 12,17,17) (S 81,10,4) (S 91,4,3) (D 0,1,1)
 0 1 4 102 187 19 (D 0,1,1) (S 59,9,14) (S 45,14,24) (S 39,25,31) (S 22,31,31) (S 43,31,35) (S 25,35,35) (S 35,35,39) (S 27,39,39) (S 87,36,40) (S 38,40,41) (S 26,37,37) (S 88,37,33) (S 78,33,27) (S 20,27,27) (S 73,20,19) (S 14,19,19) (S 58,16,15) (D 0,1,1)
 0 1 5 30 79 5 (D 0,1,1) (S 4,5,5) (S 34,16,17) (S 40,17,18) (D 0,1,1)
 0 1 6 26 56 6 (D 0,1,1) (S 56,7,13) (S 9,13,13) (S 54,13,14) (S 70,14,15) (D 0,1,1)
 0 1 7 27 92 6 (D 0,1,1) (S 83,14,23) (S 86,23,29) (S 63,29,34) (S 24,34,34) (D 0,1,1)
 0 1 8 22 60 5 (D 0,1,1) (S 65,11,12) (S 8,12,12) (S 80,6,5) (D 0,1,1)
 0 1 9 11 43 4 (D 0,1,1) (S 66,13,23) (S 41,23,14) (D 0,1,1)
 0 1 10 37 126 7 (D 0,1,1) (S 92,19,26) (S 53,33,37) (S 68,37,36) (S 52,36,32) (S 69,16,11) (D 0,1,1)
 0 1 11 40 93 8 (D 0,1,1) (S 71,24,30) (S 21,30,30) (S 49,30,29) (S 48,29,23) (S 77,23,13) (S 67,7,1) (D 0,1,1)
 0 1 12 8 48 4 (D 0,1,1) (S 75,12,6) (S 57,6,12) (D 0,1,1)
 0 1 13 16 95 5 (D 0,1,1) (S 79,34,38) (S 55,38,34) (S 51,34,35) (D 0,1,1)
 0 1 14 50 169 8 (D 0,1,1) (S 29,30,31) (S 82,35,36) (S 64,36,39) (S 31,38,39) (S 93,36,35) (S 85,32,31) (D 0,1,1)
 0 1 15 10 58 4 (D 0,1,1) (S 90,20,21) (S 84,21,20) (D 0,1,1)
