744
8
266
266
 0 1 1 15 29 4 (D 0,1,1) (S 7,1,3) (S 2,3,3) (D 0,1,1)
 0 1 2 31 109 5 (D 0,1,1) (S 16,6,12) (S 6,12,12) (S 11,2,3) (D 0,1,1)
 0 1 3 31 41 4 (D 0,1,1) (S 12,1,2) (S 1,2,2) (D 0,1,1)
 0 1 4 25 191 7 (D 0,1,1) (S 20,2,8) (S 13,8,9) (S 15,7,9) (S 5,9,9) (S 9,8,12) (D 0,1,1)
 0 1 5 35 93 5 (D 0,1,1) (S 3,4,4) (S 17,4,10) (S 4,5,5) (D 0,1,1)
 0 1 6 29 126 5 (D 0,1,1) (S 18,6,10) (S 14,10,11) (S 21,11,13) (D 0,1,1)
 0 1 7 15 35 3 (D 0,1,1) (S 19,1,4) (D 0,1,1)
 0 1 8 31 120 4 (D 0,1,1) (S 8,4,11) (S 10,11,12) (D 0,1,1)
