268
10
485
485
 0 1 1 16 31 6 (D 0,1,1) (S 18,1,11) (S 20,6,7) (S 6,7,7) (S 10,7,11) (D 0,1,1)
 0 1 2 25 34 5 (D 0,1,1) (S 11,1,2) (S 1,2,2) (S 28,3,11) (D 0,1,1)
 0 1 3 23 38 6 (D 0,1,1) (S 23,1,8) (S 12,2,3) (S 2,3,3) (S 27,3,5) (D 0,1,1)
 0 1 4 21 36 4 (D 0,1,1) (S 13,4,9) (S 8,9,9) (D 0,1,1)
 0 1 5 16 24 4 (D 0,1,1) (S 5,6,6) (S 16,6,11) (D 0,1,1)
 0 1 6 14 22 5 (D 0,1,1) (S 19,1,7) (S 17,7,10) (S 9,10,10) (D 0,1,1)
 0 1 7 9 13 4 (D 0,1,1) (S 21,2,8) (S 7,8,8) (D 0,1,1)
 0 1 8 4 16 4 (D 0,1,1) (S 15,1,3) (S 22,3,10) (D 0,1,1)
 0 1 9 15 31 5 (D 0,1,1) (S 3,4,4) (S 24,4,7) (S 25,7,8) (D 0,1,1)
 0 1 10 11 23 5 (D 0,1,1) (S 26,2,5) (S 4,5,5) (S 14,5,7) (D 0,1,1)
