292
10
600
600
 0 1 1 24 39 5 (D 0,1,1) (S 8,2,4) (S 3,4,4) (S 15,4,9) (D 0,1,1)
 0 1 2 26 45 7 (D 0,1,1) (S 1,2,2) (S 10,2,5) (S 4,5,5) (S 9,5,7) (S 20,7,9) (D 0,1,1)
 0 1 3 17 22 6 (D 0,1,1) (S 27,1,2) (S 6,8,8) (S 12,8,10) (S 7,10,10) (D 0,1,1)
 0 1 4 15 28 4 (D 0,1,1) (S 11,1,9) (S 13,9,10) (D 0,1,1)
 0 1 5 22 42 5 (D 0,1,1) (S 2,3,3) (S 16,3,5) (S 28,3,11) (D 0,1,1)
 0 1 6 11 17 4 (D 0,1,1) (S 18,1,7) (S 5,7,7) (D 0,1,1)
 0 1 7 2 17 4 (D 0,1,1) (S 14,2,9) (S 23,6,11) (D 0,1,1)
 0 1 8 19 36 5 (D 0,1,1) (S 17,1,11) (S 22,6,7) (S 24,7,8) (D 0,1,1)
 0 1 9 10 24 4 (D 0,1,1) (S 25,2,6) (S 19,6,10) (D 0,1,1)
 0 1 10 8 22 4 (D 0,1,1) (S 26,1,6) (S 21,6,9) (D 0,1,1)
