1409
26
84227
84227
 0 1 1 58 87 13 (D 0,1,1) (S 64,1,9) (S 4,9,9) (S 112,22,13) (S 6,13,13) (S 12,21,21) (S 34,21,22) (S 13,22,22) (S 14,23,23) (S 8,15,15) (S 69,15,16) (S 85,16,1) (D 0,1,1)
 0 1 2 34 56 8 (D 0,1,1) (S 7,14,14) (S 60,14,23) (S 32,28,29) (S 18,29,29) (S 15,24,24) (S 86,23,15) (D 0,1,1)
 0 1 3 28 52 8 (D 0,1,1) (S 116,28,27) (S 103,27,35) (S 22,35,35) (S 38,35,36) (S 23,36,36) (S 105,27,28) (D 0,1,1)
 0 1 4 27 48 6 (D 0,1,1) (S 59,9,13) (S 40,21,26) (S 16,26,26) (S 17,27,27) (D 0,1,1)
 0 1 5 47 80 7 (D 0,1,1) (S 92,1,15) (S 46,35,43) (S 28,43,43) (S 82,43,42) (S 83,34,35) (D 0,1,1)
 0 1 6 63 86 10 (D 0,1,1) (S 5,10,10) (S 48,10,11) (S 77,12,11) (S 33,11,18) (S 47,18,19) (S 10,19,19) (S 53,18,17) (S 9,16,16) (D 0,1,1)
 0 1 7 29 52 6 (D 0,1,1) (S 113,1,16) (S 43,16,17) (S 50,17,30) (S 19,30,30) (D 0,1,1)
 0 1 8 50 80 8 (D 0,1,1) (S 99,15,24) (S 109,24,17) (S 88,17,31) (S 51,31,39) (S 26,39,39) (S 75,39,30) (D 0,1,1)
 0 1 9 59 110 13 (D 0,1,1) (S 45,23,24) (S 24,37,37) (S 41,44,45) (S 29,45,45) (S 55,45,48) (S 31,48,48) (S 96,48,49) (S 66,49,45) (S 58,50,46) (S 71,46,38) (S 91,38,37) (D 0,1,1)
 0 1 10 43 73 9 (D 0,1,1) (S 68,10,5) (S 106,5,6) (S 2,6,6) (S 87,6,7) (S 3,7,7) (S 56,4,3) (S 1,3,3) (D 0,1,1)
 0 1 11 9 38 5 (D 0,1,1) (S 81,8,13) (S 11,20,20) (S 61,20,21) (D 0,1,1)
 0 1 12 12 38 5 (D 0,1,1) (S 49,28,36) (S 25,38,38) (S 62,38,30) (D 0,1,1)
 0 1 13 11 41 5 (D 0,1,1) (S 36,25,33) (S 21,33,33) (S 93,25,20) (D 0,1,1)
 0 1 14 22 57 6 (D 0,1,1) (S 37,34,42) (S 67,42,41) (S 98,41,33) (S 39,25,26) (D 0,1,1)
 0 1 15 9 40 5 (D 0,1,1) (S 72,31,32) (S 20,32,32) (S 102,32,31) (D 0,1,1)
 0 1 16 12 30 4 (D 0,1,1) (S 54,14,22) (S 73,22,23) (D 0,1,1)
 0 1 17 16 41 5 (D 0,1,1) (S 70,11,12) (S 76,12,19) (S 65,17,24) (D 0,1,1)
 0 1 18 17 54 5 (D 0,1,1) (S 35,39,40) (S 27,40,40) (S 89,40,32) (D 0,1,1)
 0 1 19 7 41 4 (D 0,1,1) (S 90,33,41) (S 63,41,42) (D 0,1,1)
 0 1 20 22 48 6 (D 0,1,1) (S 97,1,5) (S 94,7,4) (S 52,4,7) (S 78,7,6) (D 0,1,1)
 0 1 21 7 29 5 (D 0,1,1) (S 100,2,3) (S 57,3,2) (S 44,2,5) (D 0,1,1)
 0 1 22 22 45 6 (D 0,1,1) (S 104,21,13) (S 84,13,8) (S 42,8,9) (S 107,9,1) (D 0,1,1)
 0 1 23 12 49 4 (D 0,1,1) (S 30,47,47) (S 108,47,40) (D 0,1,1)
 0 1 24 23 71 7 (D 0,1,1) (S 79,29,30) (S 74,38,46) (S 80,46,45) (S 101,50,49) (S 111,49,48) (D 0,1,1)
 0 1 25 7 26 4 (D 0,1,1) (S 95,24,30) (S 114,30,29) (D 0,1,1)
 0 1 26 8 37 4 (D 0,1,1) (S 115,37,44) (S 110,44,37) (D 0,1,1)
