51457
27
30495
30495
 0 1 1 1565 1865 7 (D 0,1,1) (S 5,1,2) (S 7,2,3) (S 9,3,4) (S 13,4,12) (S 1,12,12) (D 0,1,1)
 0 1 2 1432 1815 5 (D 0,1,1) (S 14,5,6) (S 17,7,8) (S 18,8,15) (D 0,1,1)
 0 1 3 965 1151 6 (D 0,1,1) (S 6,1,16) (S 2,16,16) (S 33,16,25) (S 3,25,25) (D 0,1,1)
 0 1 4 1477 1751 5 (D 0,1,1) (S 8,2,9) (S 100,10,11) (S 23,11,20) (D 0,1,1)
 0 1 5 1539 2021 7 (D 0,1,1) (S 102,19,20) (S 38,20,21) (S 40,21,30) (S 41,22,23) (S 45,23,32) (D 0,1,1)
 0 1 6 1635 2088 7 (D 0,1,1) (S 25,12,22) (S 42,22,31) (S 4,30,30) (S 58,30,39) (S 107,37,38) (D 0,1,1)
 0 1 7 1364 1755 5 (D 0,1,1) (S 56,29,38) (S 72,38,46) (S 85,46,47) (D 0,1,1)
 0 1 8 1615 2053 7 (D 0,1,1) (S 35,17,26) (S 52,27,36) (S 68,36,37) (S 70,37,46) (S 87,46,53) (D 0,1,1)
 0 1 9 1607 2213 7 (D 0,1,1) (S 51,27,28) (S 73,38,47) (S 88,47,48) (S 90,48,49) (S 92,49,56) (D 0,1,1)
 0 1 10 1587 2115 6 (D 0,1,1) (S 28,14,15) (S 46,24,32) (S 60,32,33) (S 64,33,42) (D 0,1,1)
 0 1 11 1639 2176 6 (D 0,1,1) (S 99,7,14) (S 30,14,24) (S 31,15,24) (S 43,22,32) (D 0,1,1)
 0 1 12 1643 2113 7 (D 0,1,1) (S 26,13,14) (S 29,14,23) (S 44,23,24) (S 47,24,33) (S 101,14,6) (D 0,1,1)
 0 1 13 1561 2062 6 (D 0,1,1) (S 16,6,13) (S 61,32,40) (S 75,40,41) (S 77,41,42) (D 0,1,1)
 0 1 14 1453 1751 5 (D 0,1,1) (S 11,4,5) (S 15,5,12) (S 24,12,21) (D 0,1,1)
 0 1 15 1601 2132 8 (D 0,1,1) (S 106,34,43) (S 80,43,50) (S 94,51,52) (S 95,52,53) (S 96,53,54) (S 93,50,51) (D 0,1,1)
 0 1 16 1599 2080 5 (D 0,1,1) (S 71,38,39) (S 59,31,40) (S 62,32,41) (D 0,1,1)
 0 1 17 1572 2251 7 (D 0,1,1) (S 74,39,40) (S 76,40,48) (S 89,47,54) (S 97,54,55) (S 98,55,56) (D 0,1,1)
 0 1 18 1543 2111 7 (D 0,1,1) (S 22,10,20) (S 55,29,30) (S 57,30,31) (S 91,48,55) (S 86,46,52) (D 0,1,1)
 0 1 19 656 845 4 (D 0,1,1) (S 32,16,17) (S 34,17,18) (D 0,1,1)
 0 1 20 1638 2078 6 (D 0,1,1) (S 21,10,19) (S 54,28,37) (S 79,43,44) (S 82,44,51) (D 0,1,1)
 0 1 21 1518 1903 6 (D 0,1,1) (S 10,3,10) (S 12,4,11) (S 39,20,29) (S 53,28,29) (D 0,1,1)
 0 1 22 1441 1732 5 (D 0,1,1) (S 20,9,18) (S 36,18,19) (S 37,19,28) (D 0,1,1)
 0 1 23 1626 2175 6 (D 0,1,1) (S 63,32,42) (S 78,42,49) (S 27,13,22) (S 103,22,21) (D 0,1,1)
 0 1 24 1493 1862 5 (D 0,1,1) (S 66,35,36) (S 69,36,45) (S 84,45,52) (D 0,1,1)
 0 1 25 1607 1891 6 (D 0,1,1) (S 48,25,26) (S 104,26,27) (S 105,27,18) (S 19,9,10) (D 0,1,1)
 0 1 26 1445 1807 5 (D 0,1,1) (S 50,26,35) (S 81,44,45) (S 83,45,46) (D 0,1,1)
 0 1 27 1381 1661 5 (D 0,1,1) (S 49,25,34) (S 65,34,35) (S 67,35,44) (D 0,1,1)
