379
10
2885
2885
 0 1 1 20 35 9 (D 0,1,1) (S 32,1,3) (S 35,3,4) (S 33,3,9) (S 5,9,9) (S 3,5,5) (S 2,4,4) (S 28,3,1) (D 0,1,1)
 0 1 2 28 59 11 (D 0,1,1) (S 19,5,11) (S 6,11,11) (S 31,11,12) (S 7,12,12) (S 8,13,13) (S 4,7,7) (S 37,5,4) (S 17,2,4) (S 1,2,2) (D 0,1,1)
 0 1 3 13 30 6 (D 0,1,1) (S 11,19,19) (S 12,21,21) (S 9,15,15) (S 27,15,11) (D 0,1,1)
 0 1 4 13 32 5 (D 0,1,1) (S 15,19,22) (S 13,22,22) (S 40,19,9) (D 0,1,1)
 0 1 5 15 34 6 (D 0,1,1) (S 23,10,20) (S 22,20,23) (S 21,23,24) (S 14,24,24) (D 0,1,1)
 0 1 6 14 46 5 (D 0,1,1) (S 18,10,11) (S 25,14,18) (S 10,18,18) (D 0,1,1)
 0 1 7 15 46 6 (D 0,1,1) (S 39,6,7) (S 16,7,8) (S 26,8,14) (S 30,14,8) (D 0,1,1)
 0 1 8 9 41 4 (D 0,1,1) (S 20,16,17) (S 34,17,13) (D 0,1,1)
 0 1 9 7 35 4 (D 0,1,1) (S 24,6,12) (S 36,13,14) (D 0,1,1)
 0 1 10 3 21 4 (D 0,1,1) (S 38,20,21) (S 29,21,24) (D 0,1,1)
