1379
16
22823
22823
 0 1 1 35 71 6 (D 0,1,1) (S 10,15,15) (S 12,18,18) (S 29,18,23) (S 17,23,23) (D 0,1,1)
 0 1 2 128 196 16 (D 0,1,1) (S 53,1,8) (S 6,8,8) (S 9,13,13) (S 35,13,16) (S 30,16,20) (S 14,20,20) (S 18,24,24) (S 22,28,28) (S 26,28,29) (S 23,29,29) (S 31,22,25) (S 77,10,9) (S 71,9,2) (S 1,2,2) (D 0,1,1)
 0 1 3 41 79 7 (D 0,1,1) (S 34,8,14) (S 25,14,17) (S 11,17,17) (S 36,17,13) (S 40,8,1) (D 0,1,1)
 0 1 4 68 125 11 (D 0,1,1) (S 28,1,9) (S 59,9,15) (S 54,15,18) (S 58,30,25) (S 19,25,25) (S 24,25,29) (S 16,22,22) (S 37,22,17) (S 44,14,13) (D 0,1,1)
 0 1 5 25 73 6 (D 0,1,1) (S 70,2,9) (S 57,18,26) (S 20,26,26) (S 32,26,30) (D 0,1,1)
 0 1 6 26 91 7 (D 0,1,1) (S 55,12,16) (S 65,20,24) (S 63,24,21) (S 15,21,21) (S 39,21,29) (D 0,1,1)
 0 1 7 46 86 9 (D 0,1,1) (S 3,5,5) (S 79,4,7) (S 76,7,4) (S 46,6,7) (S 5,7,7) (S 42,7,12) (S 8,12,12) (D 0,1,1)
 0 1 8 14 53 4 (D 0,1,1) (S 41,13,14) (S 43,14,15) (D 0,1,1)
 0 1 9 13 67 4 (D 0,1,1) (S 45,17,16) (S 38,16,17) (D 0,1,1)
 0 1 10 27 67 8 (D 0,1,1) (S 72,2,3) (S 2,3,3) (S 69,3,10) (S 47,10,19) (S 13,19,19) (S 50,19,18) (D 0,1,1)
 0 1 11 34 68 7 (D 0,1,1) (S 49,4,6) (S 4,6,6) (S 61,6,4) (S 48,4,5) (S 33,5,8) (D 0,1,1)
 0 1 12 29 88 5 (D 0,1,1) (S 27,8,15) (S 62,30,29) (S 56,29,30) (D 0,1,1)
 0 1 13 38 102 7 (D 0,1,1) (S 7,11,11) (S 64,11,20) (S 60,20,21) (S 52,21,16) (S 66,16,12) (D 0,1,1)
 0 1 14 9 67 4 (D 0,1,1) (S 21,27,27) (S 67,27,20) (D 0,1,1)
 0 1 15 16 87 6 (D 0,1,1) (S 78,16,21) (S 75,24,27) (S 74,27,24) (S 68,24,20) (D 0,1,1)
 0 1 16 17 59 5 (D 0,1,1) (S 80,15,19) (S 51,19,10) (S 73,10,3) (D 0,1,1)
