1614
22
98655
98655
 0 1 1 78 133 16 (D 0,1,1) (S 4,6,6) (S 10,12,12) (S 117,14,15) (S 87,15,16) (S 68,32,28) (S 19,32,32) (S 24,38,38) (S 32,38,45) (S 26,45,45) (S 122,43,37) (S 23,37,37) (S 80,31,22) (S 84,14,13) (S 90,13,12) (D 0,1,1)
 0 1 2 84 130 15 (D 0,1,1) (S 106,12,13) (S 107,13,14) (S 11,15,15) (S 115,15,9) (S 48,9,16) (S 12,16,16) (S 15,24,24) (S 109,24,25) (S 33,25,28) (S 18,28,28) (S 95,32,31) (S 114,22,21) (S 78,13,6) (D 0,1,1)
 0 1 3 56 134 14 (D 0,1,1) (S 103,6,5) (S 118,18,19) (S 91,19,18) (S 21,34,34) (S 41,35,36) (S 121,44,42) (S 37,44,50) (S 42,43,45) (S 34,43,50) (S 30,50,50) (S 14,22,22) (S 111,12,6) (D 0,1,1)
 0 1 4 23 39 5 (D 0,1,1) (S 35,6,7) (S 5,7,7) (S 85,7,13) (D 0,1,1)
 0 1 5 83 130 13 (D 0,1,1) (S 9,11,11) (S 13,18,18) (S 16,26,26) (S 45,34,35) (S 22,35,35) (S 31,35,41) (S 38,41,48) (S 39,41,49) (S 29,49,49) (S 94,26,19) (S 60,19,20) (D 0,1,1)
 0 1 6 22 44 7 (D 0,1,1) (S 6,8,8) (S 40,8,9) (S 7,9,9) (S 112,9,15) (S 96,15,14) (D 0,1,1)
 0 1 7 39 87 9 (D 0,1,1) (S 52,12,20) (S 56,20,19) (S 100,34,40) (S 49,41,42) (S 25,42,42) (S 104,34,30) (S 98,21,13) (D 0,1,1)
 0 1 8 44 91 9 (D 0,1,1) (S 61,1,5) (S 54,5,18) (S 55,34,33) (S 20,33,33) (S 46,33,39) (S 67,39,29) (S 69,29,26) (D 0,1,1)
 0 1 9 16 34 4 (D 0,1,1) (S 47,1,2) (S 1,2,2) (D 0,1,1)
 0 1 10 41 89 7 (D 0,1,1) (S 72,20,30) (S 92,30,27) (S 17,27,27) (S 50,27,36) (S 59,36,37) (D 0,1,1)
 0 1 11 16 52 6 (D 0,1,1) (S 93,6,13) (S 63,9,10) (S 8,10,10) (S 123,10,9) (D 0,1,1)
 0 1 12 32 84 8 (D 0,1,1) (S 101,18,29) (S 76,29,39) (S 53,33,40) (S 58,40,41) (S 65,41,40) (S 102,33,29) (D 0,1,1)
 0 1 13 9 33 4 (D 0,1,1) (S 71,14,22) (S 73,22,14) (D 0,1,1)
 0 1 14 13 41 5 (D 0,1,1) (S 74,2,3) (S 2,3,3) (S 77,3,2) (D 0,1,1)
 0 1 15 28 66 6 (D 0,1,1) (S 105,20,21) (S 116,21,22) (S 79,22,23) (S 44,23,31) (D 0,1,1)
 0 1 16 16 66 6 (D 0,1,1) (S 81,40,47) (S 28,47,47) (S 27,46,46) (S 108,47,40) (D 0,1,1)
 0 1 17 23 71 5 (D 0,1,1) (S 75,17,10) (S 3,4,4) (S 86,4,10) (D 0,1,1)
 0 1 18 23 72 7 (D 0,1,1) (S 64,24,32) (S 51,32,37) (S 82,37,43) (S 88,43,42) (S 70,42,36) (D 0,1,1)
 0 1 19 11 31 5 (D 0,1,1) (S 89,11,5) (S 66,5,11) (S 83,11,12) (D 0,1,1)
 0 1 20 20 66 6 (D 0,1,1) (S 36,17,25) (S 99,28,32) (S 57,32,24) (S 97,16,15) (D 0,1,1)
 0 1 21 15 68 6 (D 0,1,1) (S 110,26,30) (S 62,27,35) (S 119,36,42) (S 43,44,49) (D 0,1,1)
 0 1 22 12 53 4 (D 0,1,1) (S 113,27,31) (S 120,31,27) (D 0,1,1)
