23739
17
11016
11016
 0 1 1 1470 1813 7 (D 0,15,15) (S 8,14,14) (S 5,8,8) (S 4,7,7) (S 1,1,1) (S 17,1,2) (D 0,15,15)
 0 1 2 1485 1902 7 (D 0,15,15) (S 3,4,4) (S 2,3,3) (S 18,3,4) (S 20,4,10) (S 36,10,9) (D 0,15,15)
 0 1 3 1400 1941 8 (D 0,15,15) (S 21,10,16) (S 37,10,11) (S 6,11,11) (S 22,11,12) (S 7,12,12) (S 39,12,18) (D 0,15,15)
 0 1 4 744 1045 5 (D 0,15,15) (S 42,16,17) (S 23,17,18) (S 9,18,18) (D 0,15,15)
 0 1 5 1412 1898 7 (D 0,15,15) (S 41,14,13) (S 25,19,25) (S 12,25,25) (S 13,31,31) (S 28,31,32) (D 0,15,15)
 0 1 6 1370 1763 7 (D 0,15,15) (S 10,21,21) (S 26,21,27) (S 50,27,26) (S 14,32,32) (S 29,32,33) (D 0,15,15)
 0 1 7 1468 2094 9 (D 0,15,15) (S 31,39,40) (S 15,40,40) (S 32,40,41) (S 16,41,41) (S 56,35,29) (S 11,22,22) (S 45,22,16) (D 0,15,15)
 0 1 8 969 1498 6 (D 0,15,15) (S 38,11,5) (S 34,5,6) (S 35,6,5) (S 19,3,9) (D 0,15,15)
 0 1 9 1222 1825 6 (D 0,15,15) (S 44,21,20) (S 33,1,7) (S 40,13,19) (S 43,19,20) (D 0,15,15)
 0 1 10 324 618 4 (D 0,15,15) (S 46,22,23) (S 48,23,22) (D 0,15,15)
 0 1 11 515 1064 5 (D 0,15,15) (S 24,18,24) (S 49,24,30) (S 27,23,29) (D 0,15,15)
 0 1 12 680 1081 5 (D 0,15,15) (S 47,22,28) (S 51,28,34) (S 55,34,33) (D 0,15,15)
 0 1 13 552 1075 4 (D 0,15,15) (S 30,35,36) (S 58,36,30) (D 0,15,15)
 0 1 14 418 919 4 (D 0,15,15) (S 59,38,37) (S 52,31,25) (D 0,15,15)
 0 1 15 643 1007 4 (D 0,15,15) (S 54,33,39) (S 61,39,33) (D 0,15,15)
 0 1 16 474 1021 5 (D 0,15,15) (S 60,38,39) (S 62,39,38) (S 53,32,26) (D 0,15,15)
 0 1 17 592 1175 4 (D 0,15,15) (S 57,35,41) (S 63,41,42) (D 0,15,15)
