761
13
3152
3152
 0 1 1 25 69 6 (D 0,1,1) (S 35,9,10) (S 3,8,8) (S 12,20,20) (S 11,19,19) (D 0,1,1)
 0 1 2 26 50 6 (D 0,1,1) (S 15,3,21) (S 13,21,21) (S 20,3,9) (S 4,9,9) (D 0,1,1)
 0 1 3 12 30 4 (D 0,1,1) (S 1,5,5) (S 18,5,1) (D 0,1,1)
 0 1 4 10 46 4 (D 0,1,1) (S 38,4,11) (S 6,11,11) (D 0,1,1)
 0 1 5 15 47 5 (D 0,1,1) (S 2,7,7) (S 21,7,4) (S 36,4,1) (D 0,1,1)
 0 1 6 28 93 8 (D 0,1,1) (S 32,2,22) (S 7,13,13) (S 23,13,22) (S 34,2,5) (S 16,5,6) (S 19,6,11) (D 0,1,1)
 0 1 7 19 74 6 (D 0,1,1) (S 30,4,6) (S 24,6,15) (S 8,15,15) (S 40,2,1) (D 0,1,1)
 0 1 8 36 78 8 (D 0,1,1) (S 31,1,10) (S 5,10,10) (S 26,10,18) (S 10,18,18) (S 9,17,17) (S 14,8,9) (D 0,1,1)
 0 1 9 17 68 5 (D 0,1,1) (S 22,3,8) (S 17,8,12) (S 27,12,17) (D 0,1,1)
 0 1 10 15 67 4 (D 0,1,1) (S 25,14,15) (S 29,16,17) (D 0,1,1)
 0 1 11 2 43 4 (D 0,1,1) (S 37,2,3) (S 28,3,4) (D 0,1,1)
 0 1 12 5 33 4 (D 0,1,1) (S 33,1,11) (S 42,11,16) (D 0,1,1)
 0 1 13 14 63 5 (D 0,1,1) (S 43,7,13) (S 41,7,2) (S 39,2,4) (D 0,1,1)
