863
8
4546
4546
 0 1 1 43 111 11 (D 0,1,1) (S 1,2,2) (S 2,4,4) (S 3,5,5) (S 8,11,11) (S 9,13,13) (S 5,7,7) (S 6,8,8) (S 43,13,12) (S 29,2,1) (D 0,1,1)
 0 1 2 36 96 9 (D 0,1,1) (S 34,1,3) (S 20,4,5) (S 37,12,13) (S 19,13,14) (S 10,14,14) (S 32,12,11) (S 28,11,5) (D 0,1,1)
 0 1 3 19 95 6 (D 0,1,1) (S 30,12,16) (S 44,17,18) (S 21,14,18) (S 12,18,18) (D 0,1,1)
 0 1 4 91 183 10 (D 0,1,1) (S 36,11,10) (S 26,9,10) (S 7,10,10) (S 23,10,20) (S 14,20,20) (S 15,21,21) (S 22,15,16) (S 11,16,16) (D 0,1,1)
 0 1 5 21 85 4 (D 0,1,1) (S 4,6,6) (S 24,6,12) (D 0,1,1)
 0 1 6 67 133 10 (D 0,1,1) (S 39,5,10) (S 17,23,23) (S 42,23,22) (S 16,22,22) (S 31,22,19) (S 13,19,19) (S 41,9,3) (S 27,3,4) (D 0,1,1)
 0 1 7 18 84 6 (D 0,1,1) (S 38,15,21) (S 18,24,24) (S 33,24,21) (S 25,21,15) (D 0,1,1)
 0 1 8 15 76 4 (D 0,1,1) (S 35,9,19) (S 40,19,9) (D 0,1,1)
