617
11
4748
4748
 0 1 1 71 103 11 (D 0,1,1) (S 33,1,5) (S 3,5,5) (S 39,12,16) (S 16,15,16) (S 7,16,16) (S 6,15,15) (S 24,15,21) (S 9,20,20) (S 35,20,1) (D 0,1,1)
 0 1 2 25 41 4 (D 0,1,1) (S 15,20,21) (S 10,21,21) (D 0,1,1)
 0 1 3 77 126 12 (D 0,1,1) (S 23,1,11) (S 28,11,12) (S 38,12,6) (S 22,6,7) (S 44,7,13) (S 45,13,7) (S 17,7,8) (S 4,8,8) (S 19,6,11) (S 47,11,5) (D 0,1,1)
 0 1 4 40 92 9 (D 0,1,1) (S 20,16,17) (S 21,13,17) (S 13,17,18) (S 18,13,14) (S 5,14,14) (S 31,14,8) (S 40,6,12) (D 0,1,1)
 0 1 5 40 48 4 (D 0,1,1) (S 25,1,19) (S 8,19,19) (D 0,1,1)
 0 1 6 32 56 6 (D 0,1,1) (S 26,21,23) (S 12,23,23) (S 11,22,22) (S 32,22,19) (D 0,1,1)
 0 1 7 16 28 4 (D 0,1,1) (S 14,1,9) (S 30,9,19) (D 0,1,1)
 0 1 8 11 25 5 (D 0,1,1) (S 27,5,2) (S 36,2,4) (S 2,4,4) (D 0,1,1)
 0 1 9 25 35 5 (D 0,1,1) (S 37,9,3) (S 1,3,3) (S 41,3,9) (D 0,1,1)
 0 1 10 10 36 5 (D 0,1,1) (S 42,12,17) (S 43,17,12) (S 29,12,11) (D 0,1,1)
 0 1 11 11 27 4 (D 0,1,1) (S 34,10,2) (S 46,2,5) (D 0,1,1)
