492
8
504
504
 0 1 1 3 36 5 (D 0,1,1) (S 3,6,6) (S 4,7,7) (S 9,7,12) (D 0,1,1)
 0 1 2 5 63 7 (D 0,1,1) (S 21,1,12) (S 20,7,8) (S 5,8,8) (S 10,8,11) (S 6,9,9) (D 0,1,1)
 0 1 3 3 85 5 (D 0,1,1) (S 25,12,13) (S 2,3,3) (S 15,3,4) (D 0,1,1)
 0 1 4 5 69 6 (D 0,1,1) (S 14,1,4) (S 1,2,2) (S 13,2,4) (S 17,4,13) (D 0,1,1)
 0 1 5 3 41 5 (D 0,1,1) (S 18,3,5) (S 12,5,6) (S 11,6,12) (D 0,1,1)
 0 1 6 2 40 4 (D 0,1,1) (S 22,1,10) (S 7,10,10) (D 0,1,1)
 0 1 7 3 106 5 (D 0,1,1) (S 23,5,11) (S 16,5,13) (S 8,5,12) (D 0,1,1)
 0 1 8 2 52 4 (D 0,1,1) (S 24,1,2) (S 19,9,10) (D 0,1,1)
