15338
12
3352
3352
 0 1 1 364 517 4 (D 0,1,1) (S 8,2,7) (S 3,7,7) (D 0,1,1)
 0 1 2 1530 1796 7 (D 0,1,1) (S 23,7,6) (S 10,6,12) (S 27,11,10) (S 4,10,10) (S 25,10,1) (D 0,1,1)
 0 1 3 1921 2393 10 (D 0,1,1) (S 18,2,6) (S 26,10,16) (S 5,16,16) (S 13,16,21) (S 15,20,21) (S 16,21,22) (S 40,22,16) (S 34,16,11) (D 0,1,1)
 0 1 4 951 1259 5 (D 0,1,1) (S 1,4,4) (S 20,4,3) (S 9,3,9) (D 0,1,1)
 0 1 5 404 714 5 (D 0,1,1) (S 19,3,4) (S 21,4,5) (S 2,5,5) (D 0,1,1)
 0 1 6 336 612 4 (D 0,1,1) (S 22,4,9) (S 24,9,14) (D 0,1,1)
 0 1 7 1846 2422 8 (D 0,1,1) (S 29,12,13) (S 14,17,18) (S 38,19,18) (S 6,18,18) (S 42,25,24) (S 39,20,10) (D 0,1,1)
 0 1 8 756 1150 4 (D 0,1,1) (S 11,9,15) (S 32,15,5) (D 0,1,1)
 0 1 9 627 842 4 (D 0,1,1) (S 28,11,16) (S 33,16,10) (D 0,1,1)
 0 1 10 1236 1636 6 (D 0,1,1) (S 30,12,22) (S 17,22,23) (S 41,23,17) (S 35,17,13) (D 0,1,1)
 0 1 11 271 587 4 (D 0,1,1) (S 31,14,18) (S 36,18,14) (D 0,1,1)
 0 1 12 1074 1410 5 (D 0,1,1) (S 12,14,15) (S 7,19,19) (S 37,19,15) (D 0,1,1)
