1062
18
18632
18632
 0 1 1 63 96 8 (D 0,1,1) (S 34,2,6) (S 43,6,7) (S 37,13,18) (S 10,18,18) (S 11,19,19) (S 61,13,12) (D 0,1,1)
 0 1 2 77 112 12 (D 0,1,1) (S 52,1,6) (S 6,12,12) (S 45,12,17) (S 9,17,17) (S 12,20,20) (S 13,21,21) (S 46,21,22) (S 14,22,22) (S 2,7,7) (S 1,2,2) (D 0,1,1)
 0 1 3 80 118 9 (D 0,1,1) (S 28,1,33) (S 32,33,34) (S 35,27,34) (S 22,34,34) (S 17,27,27) (S 18,28,28) (S 67,26,34) (D 0,1,1)
 0 1 4 26 51 6 (D 0,1,1) (S 38,3,37) (S 24,37,37) (S 69,36,35) (S 75,35,1) (D 0,1,1)
 0 1 5 33 65 9 (D 0,1,1) (S 49,2,3) (S 26,3,4) (S 65,4,5) (S 39,5,39) (S 25,38,38) (S 73,38,37) (S 23,36,36) (D 0,1,1)
 0 1 6 17 30 4 (D 0,1,1) (S 3,8,8) (S 33,8,40) (D 0,1,1)
 0 1 7 39 68 7 (D 0,1,1) (S 58,1,35) (S 71,35,36) (S 36,29,30) (S 19,30,30) (S 40,29,36) (D 0,1,1)
 0 1 8 18 51 5 (D 0,1,1) (S 27,38,39) (S 55,5,4) (S 57,3,2) (D 0,1,1)
 0 1 9 18 36 4 (D 0,1,1) (S 16,26,26) (S 44,26,33) (D 0,1,1)
 0 1 10 4 15 4 (D 0,1,1) (S 50,6,12) (S 47,12,6) (D 0,1,1)
 0 1 11 22 69 7 (D 0,1,1) (S 29,17,18) (S 15,25,25) (S 48,25,24) (S 42,23,24) (S 53,24,25) (D 0,1,1)
 0 1 12 26 42 5 (D 0,1,1) (S 54,1,11) (S 5,11,11) (S 62,11,12) (D 0,1,1)
 0 1 13 43 74 8 (D 0,1,1) (S 31,1,10) (S 70,10,16) (S 8,16,16) (S 7,15,15) (S 4,9,9) (S 56,9,15) (D 0,1,1)
 0 1 14 41 81 6 (D 0,1,1) (S 60,30,31) (S 20,31,31) (S 21,32,32) (S 74,31,38) (D 0,1,1)
 0 1 15 22 50 5 (D 0,1,1) (S 30,1,40) (S 59,8,9) (S 63,9,8) (D 0,1,1)
 0 1 16 4 28 4 (D 0,1,1) (S 68,4,38) (S 66,38,4) (D 0,1,1)
 0 1 17 17 44 4 (D 0,1,1) (S 72,8,14) (S 41,14,15) (D 0,1,1)
 0 1 18 9 32 5 (D 0,1,1) (S 64,3,7) (S 76,13,17) (S 51,17,13) (D 0,1,1)
