358
12
995
995
 0 1 1 20 32 5 (D 0,1,1) (S 24,1,8) (S 9,8,9) (S 7,9,9) (D 0,1,1)
 0 1 2 18 29 5 (D 0,1,1) (S 32,1,3) (S 21,3,11) (S 6,7,7) (D 0,1,1)
 0 1 3 17 28 5 (D 0,1,1) (S 25,1,5) (S 4,5,5) (S 35,5,11) (D 0,1,1)
 0 1 4 26 40 7 (D 0,1,1) (S 28,3,5) (S 12,5,10) (S 17,3,10) (S 8,10,10) (S 2,3,3) (D 0,1,1)
 0 1 5 21 40 5 (D 0,1,1) (S 5,6,6) (S 13,6,10) (S 20,3,9) (D 0,1,1)
 0 1 6 9 20 5 (D 0,1,1) (S 18,6,7) (S 14,7,10) (S 15,3,7) (D 0,1,1)
 0 1 7 27 39 6 (D 0,1,1) (S 10,1,7) (S 1,2,2) (S 16,2,5) (S 11,5,8) (D 0,1,1)
 0 1 8 27 43 5 (D 0,1,1) (S 22,7,9) (S 3,4,4) (S 19,4,7) (D 0,1,1)
 0 1 9 9 21 4 (D 0,1,1) (S 23,6,9) (S 30,4,11) (D 0,1,1)
 0 1 10 7 16 4 (D 0,1,1) (S 31,1,4) (S 26,2,3) (D 0,1,1)
 0 1 11 3 16 4 (D 0,1,1) (S 27,1,9) (S 33,4,10) (D 0,1,1)
 0 1 12 21 34 5 (D 0,1,1) (S 36,1,11) (S 34,2,4) (S 29,4,6) (D 0,1,1)
