1381
23
95108
95108
 0 1 1 66 93 8 (D 0,1,1) (S 9,17,17) (S 84,17,31) (S 13,31,31) (S 18,39,39) (S 11,23,23) (S 8,15,15) (D 0,1,1)
 0 1 2 45 62 9 (D 0,1,1) (S 119,10,5) (S 67,5,6) (S 2,6,6) (S 26,6,11) (S 6,11,11) (S 5,10,10) (S 53,10,1) (D 0,1,1)
 0 1 3 51 100 11 (D 0,1,1) (S 92,11,12) (S 103,12,19) (S 36,18,19) (S 29,19,32) (S 14,32,32) (S 52,18,17) (S 86,17,24) (S 70,15,16) (S 57,16,15) (D 0,1,1)
 0 1 4 26 54 10 (D 0,1,1) (S 101,1,9) (S 94,14,9) (S 4,9,9) (S 96,22,13) (S 77,13,21) (S 30,21,26) (S 12,26,26) (S 117,27,28) (D 0,1,1)
 0 1 5 82 135 16 (D 0,1,1) (S 55,1,15) (S 108,15,23) (S 39,23,28) (S 74,28,27) (S 87,27,35) (S 15,35,35) (S 32,35,43) (S 34,43,44) (S 43,43,48) (S 22,48,48) (S 90,48,45) (S 20,45,45) (S 16,37,37) (S 102,29,23) (D 0,1,1)
 0 1 6 25 60 7 (D 0,1,1) (S 61,35,34) (S 37,34,42) (S 19,42,42) (S 93,41,33) (S 47,25,26) (D 0,1,1)
 0 1 7 26 44 7 (D 0,1,1) (S 64,9,14) (S 7,14,14) (S 51,14,22) (S 10,22,22) (S 99,22,23) (D 0,1,1)
 0 1 8 28 61 8 (D 0,1,1) (S 107,14,15) (S 24,28,36) (S 54,36,38) (S 17,38,38) (S 118,24,17) (S 120,16,1) (D 0,1,1)
 0 1 9 20 58 5 (D 0,1,1) (S 42,10,17) (S 35,39,40) (S 59,40,32) (D 0,1,1)
 0 1 10 12 32 5 (D 0,1,1) (S 40,23,24) (S 56,24,30) (S 62,30,29) (D 0,1,1)
 0 1 11 37 72 9 (D 0,1,1) (S 112,1,16) (S 38,16,17) (S 65,32,40) (S 88,40,47) (S 21,47,47) (S 69,47,39) (S 68,39,30) (D 0,1,1)
 0 1 12 33 57 7 (D 0,1,1) (S 48,1,5) (S 113,6,7) (S 3,7,7) (S 76,4,7) (S 106,12,11) (D 0,1,1)
 0 1 13 54 107 13 (D 0,1,1) (S 58,15,24) (S 45,24,29) (S 27,29,37) (S 46,44,45) (S 23,50,50) (S 50,50,49) (S 78,49,48) (S 97,43,42) (S 110,33,34) (S 122,34,35) (S 109,35,27) (D 0,1,1)
 0 1 14 5 27 4 (D 0,1,1) (S 81,27,26) (S 82,26,27) (D 0,1,1)
 0 1 15 26 61 8 (D 0,1,1) (S 25,28,29) (S 105,29,30) (S 121,30,38) (S 79,38,46) (S 83,46,38) (S 72,38,30) (D 0,1,1)
 0 1 16 10 38 4 (D 0,1,1) (S 85,8,13) (S 60,13,22) (D 0,1,1)
 0 1 17 26 60 7 (D 0,1,1) (S 49,9,13) (S 73,21,20) (S 41,25,33) (S 66,33,41) (S 89,41,42) (D 0,1,1)
 0 1 18 16 43 5 (D 0,1,1) (S 80,7,4) (S 91,4,3) (S 1,3,3) (D 0,1,1)
 0 1 19 18 41 5 (D 0,1,1) (S 95,21,13) (S 71,13,8) (S 28,8,9) (D 0,1,1)
 0 1 20 14 46 4 (D 0,1,1) (S 44,36,44) (S 100,44,37) (D 0,1,1)
 0 1 21 11 39 6 (D 0,1,1) (S 104,20,25) (S 75,25,20) (S 114,20,21) (S 31,21,22) (D 0,1,1)
 0 1 22 16 62 5 (D 0,1,1) (S 63,46,45) (S 98,45,48) (S 111,49,45) (D 0,1,1)
 0 1 23 7 29 5 (D 0,1,1) (S 115,2,3) (S 116,3,2) (S 33,2,5) (D 0,1,1)
