287
7
220
220
 0 1 1 24 57 6 (D 0,1,1) (S 8,1,3) (S 13,3,5) (S 20,2,5) (S 19,3,11) (D 0,1,1)
 0 1 2 14 23 6 (D 0,1,1) (S 12,1,2) (S 15,3,10) (S 5,8,8) (S 14,8,10) (D 0,1,1)
 0 1 3 14 29 5 (D 0,1,1) (S 16,1,5) (S 9,5,7) (S 7,11,11) (D 0,1,1)
 0 1 4 27 43 6 (D 0,1,1) (S 17,1,7) (S 3,6,6) (S 10,6,9) (S 6,9,9) (D 0,1,1)
 0 1 5 27 54 6 (D 0,1,1) (S 18,1,10) (S 2,4,4) (S 21,4,9) (S 23,6,10) (D 0,1,1)
 0 1 6 22 44 5 (D 0,1,1) (S 24,3,6) (S 22,6,7) (S 4,7,7) (D 0,1,1)
 0 1 7 26 37 4 (D 0,1,1) (S 1,2,2) (S 11,2,9) (D 0,1,1)
