77898
48
836243
836243
 0 1 1 1732 2137 8 (D 0,1,1) (S 1,2,2) (S 17,46,46) (S 18,47,47) (S 19,48,48) (S 20,49,49) (S 15,39,39) (D 0,1,1)
 0 1 2 1756 2517 10 (D 0,1,1) (S 152,68,79) (S 48,107,107) (S 49,109,109) (S 59,121,121) (S 47,106,106) (S 46,105,105) (S 164,80,69) (S 28,68,68) (D 0,1,1)
 0 1 3 1254 1819 7 (D 0,1,1) (S 71,1,2) (S 77,10,11) (S 62,11,33) (S 12,33,33) (S 10,29,29) (D 0,1,1)
 0 1 4 1556 1909 7 (D 0,1,1) (S 2,3,3) (S 84,17,5) (S 74,5,6) (S 3,7,7) (S 82,15,14) (D 0,1,1)
 0 1 5 1331 1912 9 (D 0,1,1) (S 72,2,14) (S 94,23,24) (S 95,24,25) (S 96,25,26) (S 86,18,6) (S 76,7,20) (S 5,20,20) (D 0,1,1)
 0 1 6 1610 2450 10 (D 0,1,1) (S 75,7,8) (S 79,12,11) (S 78,11,12) (S 4,12,12) (S 104,33,32) (S 92,22,21) (S 101,31,21) (S 98,28,27) (D 0,1,1)
 0 1 7 1136 1297 5 (D 0,1,1) (S 81,14,24) (S 7,24,24) (S 80,14,13) (D 0,1,1)
 0 1 8 919 1159 5 (D 0,1,1) (S 85,17,27) (S 9,27,27) (S 8,26,26) (D 0,1,1)
 0 1 9 867 1323 6 (D 0,1,1) (S 99,28,29) (S 89,19,18) (S 87,18,19) (S 88,19,7) (D 0,1,1)
 0 1 10 491 627 4 (D 0,1,1) (S 6,23,23) (S 93,23,13) (D 0,1,1)
 0 1 11 1078 1434 7 (D 0,1,1) (S 73,4,16) (S 83,16,4) (S 97,27,38) (S 14,37,37) (S 106,37,25) (D 0,1,1)
 0 1 12 802 1157 5 (D 0,1,1) (S 112,43,44) (S 114,45,44) (S 113,45,36) (D 0,1,1)
 0 1 13 864 1339 5 (D 0,1,1) (S 119,47,48) (S 120,48,49) (S 108,39,29) (D 0,1,1)
 0 1 14 672 1171 5 (D 0,1,1) (S 122,49,39) (S 109,39,38) (S 107,37,36) (D 0,1,1)
 0 1 15 975 1427 5 (D 0,1,1) (S 90,20,8) (S 11,31,31) (S 102,31,30) (D 0,1,1)
 0 1 16 1329 1978 7 (D 0,1,1) (S 13,34,34) (S 105,34,42) (S 16,42,42) (S 21,53,53) (S 130,53,52) (D 0,1,1)
 0 1 17 1212 1772 8 (D 0,1,1) (S 116,46,57) (S 23,57,57) (S 138,57,56) (S 133,54,55) (S 22,54,54) (S 132,54,43) (D 0,1,1)
 0 1 18 858 1329 5 (D 0,1,1) (S 24,59,59) (S 140,59,68) (S 118,47,38) (D 0,1,1)
 0 1 19 979 1578 9 (D 0,1,1) (S 121,48,59) (S 141,59,69) (S 29,69,69) (S 153,69,59) (S 139,58,57) (S 137,57,46) (S 115,46,45) (D 0,1,1)
 0 1 20 1644 2228 9 (D 0,1,1) (S 143,60,72) (S 32,72,72) (S 157,72,71) (S 31,71,71) (S 155,71,70) (S 30,70,70) (S 154,69,68) (D 0,1,1)
 0 1 21 1569 2275 8 (D 0,1,1) (S 111,40,51) (S 127,51,61) (S 25,61,61) (S 144,61,60) (S 142,60,50) (S 125,50,31) (D 0,1,1)
 0 1 22 1537 2314 8 (D 0,1,1) (S 63,22,32) (S 129,52,62) (S 160,74,62) (S 26,62,62) (S 124,49,59) (S 117,47,37) (D 0,1,1)
 0 1 23 561 1256 5 (D 0,1,1) (S 131,53,63) (S 147,63,62) (S 145,62,61) (D 0,1,1)
 0 1 24 389 903 6 (D 0,1,1) (S 148,64,65) (S 27,65,65) (S 149,65,55) (S 134,55,44) (D 0,1,1)
 0 1 25 480 929 4 (D 0,1,1) (S 136,56,66) (S 151,66,67) (D 0,1,1)
 0 1 26 743 1310 4 (D 0,1,1) (S 156,71,82) (S 35,82,82) (D 0,1,1)
 0 1 27 763 1633 9 (D 0,1,1) (S 123,49,50) (S 126,50,51) (S 146,62,74) (S 37,86,86) (S 169,85,84) (S 33,73,73) (S 158,73,61) (D 0,1,1)
 0 1 28 731 1465 6 (D 0,1,1) (S 64,57,67) (S 36,84,84) (S 168,84,73) (S 159,73,72) (D 0,1,1)
 0 1 29 1500 2349 9 (D 0,1,1) (S 34,75,75) (S 161,75,63) (S 128,52,41) (S 110,40,32) (S 103,32,31) (S 100,31,20) (S 91,20,30) (D 0,1,1)
 0 1 30 408 1006 5 (D 0,1,1) (S 162,76,88) (S 38,88,88) (S 150,65,66) (D 0,1,1)
 0 1 31 1535 2296 8 (D 0,1,1) (S 67,96,109) (S 69,109,122) (S 60,122,122) (S 198,107,106) (S 194,105,92) (S 41,92,92) (D 0,1,1)
 0 1 32 1648 2420 9 (D 0,1,1) (S 45,103,103) (S 174,89,102) (S 44,102,102) (S 173,88,101) (S 53,114,114) (S 172,88,76) (S 135,55,56) (D 0,1,1)
 0 1 33 560 1157 5 (D 0,1,1) (S 40,90,90) (S 175,90,91) (S 163,78,67) (D 0,1,1)
 0 1 34 788 1369 5 (D 0,1,1) (S 166,81,94) (S 177,94,93) (S 42,93,93) (D 0,1,1)
 0 1 35 786 1427 5 (D 0,1,1) (S 66,82,95) (S 179,95,94) (S 165,81,70) (D 0,1,1)
 0 1 36 811 1567 5 (D 0,1,1) (S 170,85,98) (S 180,97,96) (S 167,83,72) (D 0,1,1)
 0 1 37 1716 2650 10 (D 0,1,1) (S 192,104,105) (S 56,118,118) (S 57,119,119) (S 199,109,110) (S 50,110,110) (S 186,99,98) (S 182,98,97) (S 181,97,110) (D 0,1,1)
 0 1 38 743 1519 5 (D 0,1,1) (S 183,98,99) (S 43,99,99) (S 185,99,86) (D 0,1,1)
 0 1 39 1722 2626 9 (D 0,1,1) (S 184,98,111) (S 51,111,111) (S 200,110,123) (S 210,121,120) (S 58,120,120) (S 207,119,106) (S 195,105,104) (D 0,1,1)
 0 1 40 1343 2047 8 (D 0,1,1) (S 204,115,102) (S 189,102,115) (S 54,115,115) (S 205,116,103) (S 68,103,104) (S 191,104,91) (D 0,1,1)
 0 1 41 760 1399 5 (D 0,1,1) (S 190,103,102) (S 188,102,101) (S 39,89,89) (D 0,1,1)
 0 1 42 413 1013 5 (D 0,1,1) (S 193,104,117) (S 55,117,117) (S 206,117,116) (D 0,1,1)
 0 1 43 473 1061 4 (D 0,1,1) (S 176,93,106) (S 196,106,93) (D 0,1,1)
 0 1 44 95 719 4 (D 0,1,1) (S 178,94,107) (S 197,107,94) (D 0,1,1)
 0 1 45 942 1825 6 (D 0,1,1) (S 70,110,111) (S 201,111,112) (S 187,99,100) (S 171,87,86) (D 0,1,1)
 0 1 46 1138 1991 6 (D 0,1,1) (S 65,75,87) (S 52,113,113) (S 203,113,126) (S 202,112,99) (D 0,1,1)
 0 1 47 189 973 4 (D 0,1,1) (S 211,122,123) (S 209,121,108) (D 0,1,1)
 0 1 48 964 1836 5 (D 0,1,1) (S 61,124,124) (S 212,124,111) (S 208,120,107) (D 0,1,1)
