1067
17
15652
15652
 0 1 1 72 106 11 (D 0,1,1) (S 68,6,12) (S 62,12,11) (S 9,12,12) (S 12,17,17) (S 54,17,13) (S 10,13,13) (S 4,7,7) (S 3,6,6) (S 1,2,2) (D 0,1,1)
 0 1 2 40 78 9 (D 0,1,1) (S 72,2,3) (S 70,3,7) (S 53,17,20) (S 14,20,20) (S 30,20,21) (S 15,21,21) (S 44,21,22) (D 0,1,1)
 0 1 3 29 56 6 (D 0,1,1) (S 39,1,10) (S 11,15,15) (S 31,15,16) (S 58,16,10) (D 0,1,1)
 0 1 4 43 62 6 (D 0,1,1) (S 57,1,8) (S 5,8,8) (S 6,9,9) (S 7,10,10) (D 0,1,1)
 0 1 5 35 53 6 (D 0,1,1) (S 46,1,33) (S 22,33,33) (S 18,26,26) (S 34,26,33) (D 0,1,1)
 0 1 6 63 97 7 (D 0,1,1) (S 61,26,34) (S 23,34,34) (S 19,27,27) (S 29,27,28) (S 36,28,35) (D 0,1,1)
 0 1 7 37 75 9 (D 0,1,1) (S 43,29,36) (S 25,36,36) (S 26,37,37) (S 37,3,4) (S 71,4,5) (S 2,4,4) (S 60,3,2) (D 0,1,1)
 0 1 8 28 65 6 (D 0,1,1) (S 27,38,38) (S 40,38,39) (S 38,5,39) (S 67,5,4) (D 0,1,1)
 0 1 9 14 54 6 (D 0,1,1) (S 16,23,23) (S 48,24,25) (S 17,25,25) (S 52,25,22) (D 0,1,1)
 0 1 10 27 59 5 (D 0,1,1) (S 41,1,40) (S 49,8,14) (S 32,14,15) (D 0,1,1)
 0 1 11 30 64 6 (D 0,1,1) (S 21,31,31) (S 50,31,38) (S 47,36,35) (S 24,35,35) (D 0,1,1)
 0 1 12 28 70 6 (D 0,1,1) (S 45,3,37) (S 35,31,32) (S 51,32,39) (S 55,38,4) (D 0,1,1)
 0 1 13 28 44 5 (D 0,1,1) (S 59,1,11) (S 8,11,11) (S 66,12,6) (D 0,1,1)
 0 1 14 33 62 5 (D 0,1,1) (S 28,6,7) (S 63,18,19) (S 13,19,19) (D 0,1,1)
 0 1 15 22 46 5 (D 0,1,1) (S 33,29,30) (S 20,30,30) (S 64,30,37) (D 0,1,1)
 0 1 16 12 20 4 (D 0,1,1) (S 56,1,35) (S 69,35,1) (D 0,1,1)
 0 1 17 18 56 5 (D 0,1,1) (S 65,12,13) (S 42,18,22) (S 73,22,25) (D 0,1,1)
