1160
23
19727
19727
 0 1 1 54 98 13 (D 0,1,1) (S 1,2,2) (S 31,2,36) (S 61,36,37) (S 22,38,38) (S 23,39,39) (S 27,32,39) (S 64,39,38) (S 56,37,3) (S 42,3,7) (S 5,7,7) (S 54,7,6) (D 0,1,1)
 0 1 2 34 53 8 (D 0,1,1) (S 55,2,6) (S 4,6,6) (S 9,12,12) (S 28,12,17) (S 12,17,17) (S 43,12,6) (D 0,1,1)
 0 1 3 34 62 5 (D 0,1,1) (S 10,13,13) (S 13,18,18) (S 33,18,19) (D 0,1,1)
 0 1 4 30 42 6 (D 0,1,1) (S 60,1,11) (S 8,11,11) (S 35,11,16) (S 11,16,16) (D 0,1,1)
 0 1 5 32 66 8 (D 0,1,1) (S 39,1,6) (S 51,6,7) (S 72,13,18) (S 29,18,22) (S 25,22,25) (S 46,18,13) (D 0,1,1)
 0 1 6 28 42 5 (D 0,1,1) (S 19,33,33) (S 40,33,34) (S 20,34,34) (D 0,1,1)
 0 1 7 28 41 5 (D 0,1,1) (S 6,8,8) (S 44,8,40) (S 24,40,40) (D 0,1,1)
 0 1 8 63 97 9 (D 0,1,1) (S 36,1,35) (S 21,35,35) (S 41,35,36) (S 34,29,30) (S 45,30,31) (S 18,31,31) (S 53,31,37) (D 0,1,1)
 0 1 9 21 48 5 (D 0,1,1) (S 17,27,27) (S 48,27,28) (S 49,28,35) (D 0,1,1)
 0 1 10 22 61 6 (D 0,1,1) (S 81,22,21) (S 52,21,20) (S 14,20,20) (S 75,12,11) (D 0,1,1)
 0 1 11 18 38 5 (D 0,1,1) (S 66,2,3) (S 59,3,4) (S 2,4,4) (D 0,1,1)
 0 1 12 21 45 5 (D 0,1,1) (S 30,8,14) (S 32,14,15) (S 63,15,16) (D 0,1,1)
 0 1 13 29 55 5 (D 0,1,1) (S 65,16,10) (S 7,10,10) (S 80,9,8) (D 0,1,1)
 0 1 14 8 47 4 (D 0,1,1) (S 67,21,24) (S 38,24,25) (D 0,1,1)
 0 1 15 12 33 4 (D 0,1,1) (S 68,15,9) (S 50,9,10) (D 0,1,1)
 0 1 16 14 41 4 (D 0,1,1) (S 57,35,28) (S 69,28,27) (D 0,1,1)
 0 1 17 27 71 6 (D 0,1,1) (S 3,5,5) (S 70,5,39) (S 62,32,31) (S 71,31,30) (D 0,1,1)
 0 1 18 14 38 4 (D 0,1,1) (S 47,37,30) (S 37,29,36) (D 0,1,1)
 0 1 19 20 64 6 (D 0,1,1) (S 26,20,23) (S 15,23,23) (S 74,24,21) (S 82,21,22) (D 0,1,1)
 0 1 20 31 49 4 (D 0,1,1) (S 16,26,26) (S 76,26,33) (D 0,1,1)
 0 1 21 10 30 4 (D 0,1,1) (S 77,3,37) (S 73,37,36) (D 0,1,1)
 0 1 22 5 13 3 (D 0,1,1) (S 78,1,40) (D 0,1,1)
 0 1 23 4 26 4 (D 0,1,1) (S 79,37,38) (S 58,38,37) (D 0,1,1)
