1759
19
35418
35418
 0 1 1 39 43 5 (D 0,1,1) (S 1,2,2) (S 28,2,3) (S 2,3,3) (D 0,1,1)
 0 1 2 79 117 11 (D 0,1,1) (S 62,3,9) (S 31,8,9) (S 55,9,10) (S 6,10,10) (S 7,11,11) (S 25,17,20) (S 14,20,20) (S 12,16,16) (S 11,15,15) (D 0,1,1)
 0 1 3 56 112 10 (D 0,1,1) (S 74,10,11) (S 65,11,16) (S 54,16,11) (S 34,4,5) (S 4,5,5) (S 30,5,6) (S 41,8,7) (S 5,7,7) (D 0,1,1)
 0 1 4 25 63 6 (D 0,1,1) (S 76,11,17) (S 33,17,18) (S 13,18,18) (S 66,17,11) (D 0,1,1)
 0 1 5 17 67 5 (D 0,1,1) (S 26,27,32) (S 19,32,32) (S 59,27,20) (D 0,1,1)
 0 1 6 91 140 10 (D 0,1,1) (S 57,9,14) (S 10,14,14) (S 15,23,23) (S 16,24,24) (S 37,24,30) (S 18,30,30) (S 84,30,29) (S 77,13,7) (D 0,1,1)
 0 1 7 51 141 7 (D 0,1,1) (S 27,23,29) (S 53,29,34) (S 35,35,36) (S 69,36,39) (S 80,31,32) (D 0,1,1)
 0 1 8 70 168 13 (D 0,1,1) (S 71,15,16) (S 40,16,19) (S 81,19,26) (S 64,26,32) (S 68,35,39) (S 23,39,39) (S 43,39,38) (S 21,34,34) (S 45,31,25) (S 17,25,25) (S 56,14,15) (D 0,1,1)
 0 1 9 20 60 6 (D 0,1,1) (S 70,11,12) (S 8,12,12) (S 44,12,6) (S 3,4,4) (D 0,1,1)
 0 1 10 30 109 7 (D 0,1,1) (S 63,20,27) (S 38,32,36) (S 22,36,36) (S 24,40,40) (S 46,40,39) (D 0,1,1)
 0 1 11 25 111 6 (D 0,1,1) (S 61,10,15) (S 36,31,35) (S 39,34,38) (S 47,38,39) (D 0,1,1)
 0 1 12 13 85 5 (D 0,1,1) (S 51,37,33) (S 20,33,33) (S 58,33,27) (D 0,1,1)
 0 1 13 21 75 5 (D 0,1,1) (S 52,27,26) (S 42,26,25) (S 48,14,9) (D 0,1,1)
 0 1 14 7 85 4 (D 0,1,1) (S 67,36,40) (S 60,40,36) (D 0,1,1)
 0 1 15 22 60 4 (D 0,1,1) (S 9,13,13) (S 73,13,14) (D 0,1,1)
 0 1 16 16 75 5 (D 0,1,1) (S 29,21,27) (S 50,27,28) (S 78,28,27) (D 0,1,1)
 0 1 17 15 111 5 (D 0,1,1) (S 79,37,41) (S 72,41,37) (S 49,37,36) (D 0,1,1)
 0 1 18 21 81 4 (D 0,1,1) (S 32,21,22) (S 82,22,28) (D 0,1,1)
 0 1 19 9 56 4 (D 0,1,1) (S 75,25,26) (S 83,26,19) (D 0,1,1)
