307
8
927
927
 0 1 1 37 59 9 (D 0,1,1) (S 1,2,2) (S 18,2,8) (S 7,8,8) (S 28,4,6) (S 5,6,6) (S 9,6,7) (S 6,7,7) (D 0,1,1)
 0 1 2 7 21 6 (D 0,1,1) (S 19,1,2) (S 11,2,5) (S 4,5,5) (S 10,5,7) (D 0,1,1)
 0 1 3 37 54 5 (D 0,1,1) (S 22,1,7) (S 12,2,3) (S 2,3,3) (D 0,1,1)
 0 1 4 18 31 6 (D 0,1,1) (S 15,1,4) (S 3,4,4) (S 14,4,8) (S 24,4,7) (D 0,1,1)
 0 1 5 30 70 7 (D 0,1,1) (S 13,3,5) (S 16,5,9) (S 8,9,9) (S 25,3,8) (S 30,2,7) (D 0,1,1)
 0 1 6 10 28 4 (D 0,1,1) (S 21,1,5) (S 23,5,8) (D 0,1,1)
 0 1 7 7 20 4 (D 0,1,1) (S 20,1,8) (S 27,7,9) (D 0,1,1)
 0 1 8 7 24 5 (D 0,1,1) (S 17,1,6) (S 26,6,8) (S 29,4,5) (D 0,1,1)
