1081
19
19911
19911
 0 1 1 30 53 6 (D 0,1,1) (S 59,8,9) (S 53,10,9) (S 7,9,9) (S 8,10,10) (D 0,1,1)
 0 1 2 60 102 11 (D 0,1,1) (S 1,2,2) (S 30,2,36) (S 23,36,36) (S 24,37,37) (S 25,38,38) (S 43,5,39) (S 26,39,39) (S 32,32,39) (S 2,3,3) (D 0,1,1)
 0 1 3 30 42 6 (D 0,1,1) (S 71,1,11) (S 9,11,11) (S 33,11,16) (S 12,16,16) (D 0,1,1)
 0 1 4 38 54 7 (D 0,1,1) (S 29,1,6) (S 4,6,6) (S 5,7,7) (S 36,7,13) (S 11,13,13) (D 0,1,1)
 0 1 5 47 70 8 (D 0,1,1) (S 21,33,33) (S 40,33,34) (S 18,27,27) (S 39,27,34) (S 49,34,35) (S 22,35,35) (D 0,1,1)
 0 1 6 38 56 5 (D 0,1,1) (S 65,33,26) (S 17,26,26) (S 46,26,33) (D 0,1,1)
 0 1 7 61 109 9 (D 0,1,1) (S 35,1,35) (S 37,35,36) (S 73,37,38) (S 45,38,39) (S 47,32,31) (S 20,31,31) (S 52,37,3) (D 0,1,1)
 0 1 8 30 54 5 (D 0,1,1) (S 6,8,8) (S 31,14,15) (S 48,15,16) (D 0,1,1)
 0 1 9 45 90 7 (D 0,1,1) (S 76,17,13) (S 28,18,19) (S 13,18,18) (S 15,22,22) (S 54,21,22) (D 0,1,1)
 0 1 10 13 40 4 (D 0,1,1) (S 19,28,28) (S 55,28,35) (D 0,1,1)
 0 1 11 26 55 6 (D 0,1,1) (S 42,29,30) (S 51,30,31) (S 58,31,37) (S 56,2,1) (D 0,1,1)
 0 1 12 47 86 8 (D 0,1,1) (S 34,22,25) (S 60,24,21) (S 74,21,20) (S 14,20,20) (S 61,20,17) (S 10,12,12) (D 0,1,1)
 0 1 13 26 51 6 (D 0,1,1) (S 57,16,15) (S 62,15,9) (S 44,8,40) (S 27,40,40) (D 0,1,1)
 0 1 14 17 43 5 (D 0,1,1) (S 70,3,37) (S 63,37,30) (S 41,29,36) (D 0,1,1)
 0 1 15 9 29 4 (D 0,1,1) (S 66,3,4) (S 3,4,4) (D 0,1,1)
 0 1 16 5 13 3 (D 0,1,1) (S 68,1,40) (D 0,1,1)
 0 1 17 18 61 6 (D 0,1,1) (S 69,21,24) (S 16,23,23) (S 38,24,25) (S 64,18,13) (D 0,1,1)
 0 1 18 10 44 4 (D 0,1,1) (S 72,39,5) (S 67,5,4) (D 0,1,1)
 0 1 19 9 29 4 (D 0,1,1) (S 50,11,12) (S 75,12,11) (D 0,1,1)
