258
9
214
214
 0 1 1 12 18 5 (D 0,1,1) (S 11,1,11) (S 6,7,7) (S 10,7,11) (D 0,1,1)
 0 1 2 23 29 4 (D 0,1,1) (S 14,2,4) (S 3,4,4) (D 0,1,1)
 0 1 3 21 23 4 (D 0,1,1) (S 15,1,2) (S 1,2,2) (D 0,1,1)
 0 1 4 27 48 5 (D 0,1,1) (S 2,3,3) (S 16,2,9) (S 12,6,9) (D 0,1,1)
 0 1 5 19 37 6 (D 0,1,1) (S 22,2,8) (S 17,4,7) (S 13,7,10) (S 8,10,10) (D 0,1,1)
 0 1 6 19 36 5 (D 0,1,1) (S 21,7,9) (S 5,6,6) (S 18,6,11) (D 0,1,1)
 0 1 7 15 28 4 (D 0,1,1) (S 9,1,9) (S 19,9,10) (D 0,1,1)
 0 1 8 7 11 4 (D 0,1,1) (S 20,1,8) (S 7,8,8) (D 0,1,1)
 0 1 9 11 28 5 (D 0,1,1) (S 24,1,5) (S 4,5,5) (S 23,7,8) (D 0,1,1)
