1088
12
5107
5107
 0 1 1 70 137 10 (D 0,1,1) (S 27,1,2) (S 1,2,2) (S 2,4,4) (S 3,5,5) (S 32,11,10) (S 37,9,10) (S 5,10,10) (S 4,9,9) (D 0,1,1)
 0 1 2 39 110 10 (D 0,1,1) (S 29,11,12) (S 22,12,13) (S 6,13,13) (S 14,13,14) (S 7,14,14) (S 41,8,7) (S 18,6,12) (S 30,12,11) (D 0,1,1)
 0 1 3 41 101 7 (D 0,1,1) (S 44,5,10) (S 10,20,20) (S 16,20,23) (S 12,23,23) (S 23,10,5) (D 0,1,1)
 0 1 4 13 72 5 (D 0,1,1) (S 45,12,16) (S 8,16,16) (S 42,11,5) (D 0,1,1)
 0 1 5 31 91 7 (D 0,1,1) (S 17,11,15) (S 19,15,16) (S 21,16,17) (S 9,17,17) (S 49,13,12) (D 0,1,1)
 0 1 6 14 85 5 (D 0,1,1) (S 15,6,7) (S 24,7,8) (S 34,8,14) (D 0,1,1)
 0 1 7 26 109 7 (D 0,1,1) (S 31,15,21) (S 11,21,21) (S 13,24,24) (S 26,24,23) (S 33,10,11) (D 0,1,1)
 0 1 8 19 85 5 (D 0,1,1) (S 25,23,22) (S 36,22,19) (S 47,19,9) (D 0,1,1)
 0 1 9 10 77 4 (D 0,1,1) (S 20,14,18) (S 38,18,17) (D 0,1,1)
 0 1 10 23 101 5 (D 0,1,1) (S 35,9,19) (S 39,19,20) (S 46,21,15) (D 0,1,1)
 0 1 11 10 92 4 (D 0,1,1) (S 43,19,22) (S 40,22,23) (D 0,1,1)
 0 1 12 14 28 4 (D 0,1,1) (S 28,1,3) (S 48,3,4) (D 0,1,1)
