341
9
320
320
 0 1 1 8 46 6 (D 0,1,1) (S 21,2,5) (S 4,7,7) (S 6,7,5) (S 17,5,1) (D 0,1,1)
 0 1 2 3 44 5 (D 0,1,1) (S 22,5,6) (S 3,4,4) (S 7,4,1) (D 0,1,1)
 0 1 3 3 25 4 (D 0,1,1) (S 1,2,2) (S 10,2,1) (D 0,1,1)
 0 1 4 3 30 4 (D 0,1,1) (S 8,1,8) (S 11,8,9) (D 0,1,1)
 0 1 5 3 36 4 (D 0,1,1) (S 14,1,11) (S 5,11,12) (D 0,1,1)
 0 1 6 4 36 4 (D 0,1,1) (S 15,4,6) (S 9,6,11) (D 0,1,1)
 0 1 7 1 27 3 (D 0,1,1) (S 12,1,10) (D 0,1,1)
 0 1 8 6 42 4 (D 0,1,1) (S 18,2,3) (S 2,3,3) (D 0,1,1)
 0 1 9 6 55 6 (D 0,1,1) (S 13,1,9) (S 19,9,10) (S 16,10,12) (S 20,8,12) (D 0,1,1)
