719
8
163
163
 0 1 1 32 128 5 (D 0,1,1) (S 10,4,11) (S 6,11,11) (S 8,11,13) (D 0,1,1)
 0 1 2 15 35 3 (D 0,1,1) (S 13,1,4) (D 0,1,1)
 0 1 3 28 109 5 (D 0,1,1) (S 7,2,7) (S 15,7,9) (S 5,9,9) (D 0,1,1)
 0 1 4 15 29 4 (D 0,1,1) (S 16,1,3) (S 2,3,3) (D 0,1,1)
 0 1 5 27 37 4 (D 0,1,1) (S 17,1,2) (S 1,2,2) (D 0,1,1)
 0 1 6 26 114 5 (D 0,1,1) (S 19,2,6) (S 11,6,12) (S 18,12,13) (D 0,1,1)
 0 1 7 35 75 4 (D 0,1,1) (S 3,4,4) (S 4,5,5) (D 0,1,1)
 0 1 8 34 192 6 (D 0,1,1) (S 20,8,9) (S 12,8,12) (S 9,6,10) (S 14,10,11) (D 0,1,1)
