193
8
308
308
 0 1 1 24 32 3 (D 0,1,1) (S 1,2,2) (D 0,1,1)
 0 1 2 5 10 4 (D 0,1,1) (S 7,1,4) (S 3,4,4) (D 0,1,1)
 0 1 3 19 33 6 (D 0,1,1) (S 14,1,8) (S 9,4,6) (S 5,6,6) (S 15,2,5) (D 0,1,1)
 0 1 4 9 13 4 (D 0,1,1) (S 10,1,7) (S 6,7,7) (D 0,1,1)
 0 1 5 20 30 5 (D 0,1,1) (S 8,1,5) (S 4,5,5) (S 11,5,7) (D 0,1,1)
 0 1 6 17 28 5 (D 0,1,1) (S 16,1,3) (S 2,3,3) (S 12,3,7) (D 0,1,1)
 0 1 7 14 23 4 (D 0,1,1) (S 13,3,6) (S 19,6,8) (D 0,1,1)
 0 1 8 8 24 5 (D 0,1,1) (S 17,3,5) (S 20,2,4) (S 18,4,8) (D 0,1,1)
