1037
16
16424
16424
 0 1 1 100 143 9 (D 0,1,1) (S 23,35,35) (S 49,34,26) (S 16,26,26) (S 57,33,34) (S 17,27,27) (S 18,28,28) (S 54,28,35) (D 0,1,1)
 0 1 2 54 74 8 (D 0,1,1) (S 1,2,2) (S 39,2,36) (S 24,36,36) (S 25,37,37) (S 2,3,3) (S 51,2,1) (D 0,1,1)
 0 1 3 37 61 5 (D 0,1,1) (S 29,11,16) (S 65,14,8) (S 6,8,8) (D 0,1,1)
 0 1 4 10 18 3 (D 0,1,1) (S 32,1,40) (D 0,1,1)
 0 1 5 90 132 16 (D 0,1,1) (S 62,1,6) (S 38,7,13) (S 9,13,13) (S 35,18,22) (S 46,25,22) (S 14,22,22) (S 15,25,25) (S 13,21,21) (S 45,21,20) (S 12,20,20) (S 55,20,17) (S 11,17,17) (S 70,7,6) (S 59,6,1) (D 0,1,1)
 0 1 6 57 90 9 (D 0,1,1) (S 69,1,2) (S 30,3,37) (S 58,37,30) (S 20,30,30) (S 27,30,31) (S 34,31,38) (S 3,4,4) (D 0,1,1)
 0 1 7 19 41 6 (D 0,1,1) (S 5,6,6) (S 28,6,12) (S 43,12,13) (S 44,13,12) (D 0,1,1)
 0 1 8 38 65 8 (D 0,1,1) (S 31,1,10) (S 7,10,10) (S 37,10,16) (S 10,15,15) (S 47,15,9) (S 64,9,10) (D 0,1,1)
 0 1 9 21 45 4 (D 0,1,1) (S 48,12,11) (S 8,11,11) (D 0,1,1)
 0 1 10 21 54 6 (D 0,1,1) (S 42,3,4) (S 4,5,5) (S 26,39,39) (S 52,39,38) (D 0,1,1)
 0 1 11 9 32 4 (D 0,1,1) (S 53,36,29) (S 19,29,29) (D 0,1,1)
 0 1 12 7 37 4 (D 0,1,1) (S 50,37,31) (S 56,31,37) (D 0,1,1)
 0 1 13 16 51 4 (D 0,1,1) (S 61,31,32) (S 21,32,32) (D 0,1,1)
 0 1 14 24 50 5 (D 0,1,1) (S 60,8,9) (S 66,9,15) (S 36,15,16) (D 0,1,1)
 0 1 15 17 41 4 (D 0,1,1) (S 67,35,34) (S 22,33,33) (D 0,1,1)
 0 1 16 39 103 8 (D 0,1,1) (S 71,12,17) (S 63,23,20) (S 33,23,24) (S 68,24,25) (S 40,21,22) (S 41,18,19) (D 0,1,1)
