200
8
248
248
 0 1 1 5 14 5 (D 0,1,1) (S 17,1,4) (S 3,4,4) (S 16,4,7) (D 0,1,1)
 0 1 2 23 32 5 (D 0,1,1) (S 6,1,2) (S 1,2,2) (S 10,2,8) (D 0,1,1)
 0 1 3 9 19 4 (D 0,1,1) (S 9,1,7) (S 12,7,8) (D 0,1,1)
 0 1 4 17 19 4 (D 0,1,1) (S 13,1,3) (S 2,3,3) (D 0,1,1)
 0 1 5 23 37 5 (D 0,1,1) (S 22,4,6) (S 5,6,6) (S 14,6,7) (D 0,1,1)
 0 1 6 12 31 6 (D 0,1,1) (S 18,3,6) (S 15,2,6) (S 11,2,4) (S 7,4,8) (D 0,1,1)
 0 1 7 21 34 5 (D 0,1,1) (S 8,1,8) (S 19,2,5) (S 4,5,5) (D 0,1,1)
 0 1 8 6 14 4 (D 0,1,1) (S 20,3,5) (S 21,5,7) (D 0,1,1)
