1261
17
53809
53809
 0 1 1 29 61 10 (D 0,1,1) (S 16,23,23) (S 99,23,22) (S 85,21,22) (S 71,21,26) (S 19,26,26) (S 18,25,25) (S 13,20,20) (S 7,13,13) (D 0,1,1)
 0 1 2 69 122 15 (D 0,1,1) (S 90,1,15) (S 9,15,15) (S 44,15,24) (S 17,24,24) (S 22,29,29) (S 84,30,38) (S 76,38,36) (S 72,36,44) (S 27,34,34) (S 26,33,33) (S 14,21,21) (S 82,13,9) (S 98,9,8) (D 0,1,1)
 0 1 3 131 187 16 (D 0,1,1) (S 54,15,16) (S 10,16,16) (S 48,16,17) (S 11,17,17) (S 63,18,11) (S 45,12,19) (S 41,19,32) (S 25,32,32) (S 30,40,40) (S 43,39,47) (S 29,39,39) (S 23,30,30) (S 94,29,24) (S 91,24,23) (D 0,1,1)
 0 1 4 116 181 17 (D 0,1,1) (S 21,28,28) (S 62,28,27) (S 20,27,27) (S 58,26,34) (S 59,34,42) (S 31,41,41) (S 52,41,42) (S 38,42,43) (S 32,43,43) (S 37,43,48) (S 34,48,48) (S 35,49,49) (S 55,38,39) (S 88,39,40) (S 92,31,17) (D 0,1,1)
 0 1 5 63 81 8 (D 0,1,1) (S 6,10,10) (S 40,11,12) (S 5,7,7) (S 4,6,6) (S 3,5,5) (S 78,5,1) (D 0,1,1)
 0 1 6 17 38 6 (D 0,1,1) (S 95,5,6) (S 2,3,3) (S 46,3,6) (S 69,6,5) (D 0,1,1)
 0 1 7 27 64 6 (D 0,1,1) (S 57,23,29) (S 39,38,46) (S 33,45,45) (S 47,45,46) (D 0,1,1)
 0 1 8 28 39 6 (D 0,1,1) (S 49,1,9) (S 60,9,14) (S 8,14,14) (S 50,14,15) (D 0,1,1)
 0 1 9 32 65 7 (D 0,1,1) (S 15,22,22) (S 74,22,13) (S 64,13,22) (S 87,13,8) (S 96,8,9) (D 0,1,1)
 0 1 10 17 62 7 (D 0,1,1) (S 77,23,24) (S 79,24,29) (S 36,46,50) (S 68,50,45) (S 61,45,49) (D 0,1,1)
 0 1 11 8 25 4 (D 0,1,1) (S 70,11,18) (S 12,18,18) (D 0,1,1)
 0 1 12 14 50 6 (D 0,1,1) (S 97,21,20) (S 83,20,25) (S 42,25,33) (S 73,33,41) (D 0,1,1)
 0 1 13 22 48 7 (D 0,1,1) (S 1,2,2) (S 67,2,3) (S 53,3,4) (S 75,4,7) (S 56,7,12) (D 0,1,1)
 0 1 14 37 95 7 (D 0,1,1) (S 100,29,37) (S 89,36,38) (S 80,38,37) (S 51,37,44) (S 28,35,35) (D 0,1,1)
 0 1 15 8 34 4 (D 0,1,1) (S 81,22,28) (S 65,28,22) (D 0,1,1)
 0 1 16 20 42 4 (D 0,1,1) (S 86,17,31) (S 24,31,31) (D 0,1,1)
 0 1 17 16 67 4 (D 0,1,1) (S 66,45,48) (S 93,50,49) (D 0,1,1)
