296
8
4898
4898
 0 1 1 13 19 5 (D 0,1,1) (S 1,2,2) (S 3,4,4) (S 2,3,3) (D 0,1,1)
 0 1 2 19 34 9 (D 0,1,1) (S 15,10,11) (S 40,11,15) (S 7,15,15) (S 16,15,21) (S 34,21,20) (S 9,20,20) (S 8,19,19) (D 0,1,1)
 0 1 3 17 33 9 (D 0,1,1) (S 25,1,3) (S 10,3,9) (S 44,9,19) (S 12,19,22) (S 17,22,23) (S 24,20,10) (S 32,10,9) (D 0,1,1)
 0 1 4 50 93 16 (D 0,1,1) (S 28,9,10) (S 29,10,5) (S 19,5,6) (S 4,6,6) (S 6,12,12) (S 11,13,17) (S 13,17,18) (S 31,18,14) (S 23,8,14) (S 21,14,8) (S 5,8,8) (S 36,14,13) (S 26,12,11) (S 43,10,20) (D 0,1,1)
 0 1 5 15 34 7 (D 0,1,1) (S 20,4,5) (S 18,5,11) (S 27,15,16) (S 33,16,15) (S 30,19,9) (D 0,1,1)
 0 1 6 12 25 5 (D 0,1,1) (S 14,21,24) (S 39,24,23) (S 35,23,20) (D 0,1,1)
 0 1 7 4 28 4 (D 0,1,1) (S 38,16,17) (S 22,17,16) (D 0,1,1)
 0 1 8 7 30 5 (D 0,1,1) (S 37,6,7) (S 42,7,6) (S 41,5,10) (D 0,1,1)
