1186
12
23080
23080
 0 1 1 84 120 9 (D 0,1,1) (S 58,7,4) (S 72,4,5) (S 4,5,5) (S 3,4,4) (S 6,7,7) (S 7,8,8) (S 41,8,1) (D 0,1,1)
 0 1 2 31 80 6 (D 0,1,1) (S 9,12,12) (S 12,16,16) (S 27,16,20) (S 15,20,20) (D 0,1,1)
 0 1 3 78 132 15 (D 0,1,1) (S 32,1,2) (S 1,2,2) (S 76,9,15) (S 52,15,18) (S 13,18,18) (S 18,23,23) (S 24,30,30) (S 61,30,25) (S 29,25,29) (S 23,29,29) (S 49,22,17) (S 48,17,13) (S 10,13,13) (D 0,1,1)
 0 1 4 60 107 11 (D 0,1,1) (S 43,1,8) (S 28,8,14) (S 11,14,14) (S 25,14,17) (S 34,17,18) (S 73,18,19) (S 65,18,15) (S 36,10,9) (S 64,9,2) (D 0,1,1)
 0 1 5 89 166 13 (D 0,1,1) (S 31,13,16) (S 38,20,24) (S 19,24,24) (S 51,21,28) (S 22,28,28) (S 35,28,29) (S 17,22,22) (S 26,22,25) (S 60,25,30) (S 56,15,10) (S 71,10,3) (D 0,1,1)
 0 1 6 90 202 15 (D 0,1,1) (S 68,7,6) (S 5,6,6) (S 8,11,11) (S 53,11,20) (S 69,24,27) (S 39,24,28) (S 50,28,27) (S 21,27,27) (S 37,27,24) (S 62,21,20) (S 74,20,11) (S 66,11,16) (S 57,16,17) (D 0,1,1)
 0 1 7 26 86 6 (D 0,1,1) (S 75,10,19) (S 40,23,26) (S 20,26,26) (S 63,26,23) (D 0,1,1)
 0 1 8 20 49 4 (D 0,1,1) (S 30,8,15) (S 42,15,9) (D 0,1,1)
 0 1 9 26 90 7 (D 0,1,1) (S 59,13,17) (S 55,17,16) (S 45,16,21) (S 16,21,21) (S 44,21,16) (D 0,1,1)
 0 1 10 14 53 4 (D 0,1,1) (S 46,13,14) (S 47,14,15) (D 0,1,1)
 0 1 11 12 26 4 (D 0,1,1) (S 54,2,3) (S 2,3,3) (D 0,1,1)
 0 1 12 36 75 6 (D 0,1,1) (S 33,1,9) (S 70,15,19) (S 14,19,19) (S 67,19,15) (D 0,1,1)
