1688
22
38121
38121
 0 1 1 55 79 8 (D 0,1,1) (S 3,5,5) (S 2,4,4) (S 5,7,7) (S 23,7,8) (S 6,8,8) (S 46,8,1) (D 0,1,1)
 0 1 2 50 73 7 (D 0,1,1) (S 70,1,8) (S 19,8,9) (S 7,9,9) (S 33,9,2) (S 1,2,2) (D 0,1,1)
 0 1 3 41 95 10 (D 0,1,1) (S 85,2,9) (S 75,15,19) (S 10,18,18) (S 24,18,23) (S 22,23,30) (S 16,30,30) (S 88,10,3) (S 36,3,2) (D 0,1,1)
 0 1 4 24 72 5 (D 0,1,1) (S 17,13,16) (S 25,16,20) (S 12,20,20) (D 0,1,1)
 0 1 5 38 93 8 (D 0,1,1) (S 27,1,2) (S 9,15,15) (S 49,15,18) (S 35,18,26) (S 30,26,30) (S 60,26,23) (D 0,1,1)
 0 1 6 37 116 8 (D 0,1,1) (S 57,13,17) (S 31,17,18) (S 44,29,21) (S 13,21,21) (S 48,16,17) (S 68,17,13) (D 0,1,1)
 0 1 7 8 44 4 (D 0,1,1) (S 39,13,14) (S 32,14,13) (D 0,1,1)
 0 1 8 34 79 7 (D 0,1,1) (S 37,3,10) (S 72,10,19) (S 11,19,19) (S 40,19,10) (S 81,10,9) (D 0,1,1)
 0 1 9 20 75 5 (D 0,1,1) (S 14,25,25) (S 26,22,29) (S 41,29,30) (D 0,1,1)
 0 1 10 15 50 6 (D 0,1,1) (S 45,7,6) (S 4,6,6) (S 42,6,4) (S 82,4,5) (D 0,1,1)
 0 1 11 30 69 6 (D 0,1,1) (S 77,4,6) (S 28,6,11) (S 43,11,12) (S 8,12,12) (D 0,1,1)
 0 1 12 52 120 9 (D 0,1,1) (S 18,8,14) (S 21,14,17) (S 55,17,16) (S 56,24,28) (S 15,28,28) (S 51,28,21) (S 65,16,12) (D 0,1,1)
 0 1 13 23 89 6 (D 0,1,1) (S 71,11,16) (S 38,20,21) (S 53,21,28) (S 54,24,20) (D 0,1,1)
 0 1 14 30 103 6 (D 0,1,1) (S 52,22,21) (S 58,21,29) (S 20,22,25) (S 50,22,23) (D 0,1,1)
 0 1 15 15 74 6 (D 0,1,1) (S 47,13,12) (S 86,12,16) (S 59,20,27) (S 64,27,20) (D 0,1,1)
 0 1 16 18 72 5 (D 0,1,1) (S 63,30,25) (S 62,22,17) (S 83,14,15) (D 0,1,1)
 0 1 17 6 40 4 (D 0,1,1) (S 67,18,19) (S 66,19,18) (D 0,1,1)
 0 1 18 17 90 5 (D 0,1,1) (S 87,11,20) (S 73,28,27) (S 61,27,24) (D 0,1,1)
 0 1 19 9 68 4 (D 0,1,1) (S 69,16,21) (S 74,21,20) (D 0,1,1)
 0 1 20 11 60 4 (D 0,1,1) (S 76,23,26) (S 34,26,18) (D 0,1,1)
 0 1 21 18 36 4 (D 0,1,1) (S 78,1,5) (S 29,5,8) (D 0,1,1)
 0 1 22 15 91 5 (D 0,1,1) (S 79,24,27) (S 80,27,28) (S 84,24,21) (D 0,1,1)
