1215
13
16238
16238
 0 1 1 89 133 8 (D 0,1,1) (S 4,8,8) (S 33,8,9) (S 5,9,9) (S 6,10,10) (S 24,10,19) (S 13,18,18) (D 0,1,1)
 0 1 2 150 211 14 (D 0,1,1) (S 9,13,13) (S 11,16,16) (S 26,16,21) (S 15,21,21) (S 27,21,29) (S 22,29,29) (S 19,25,25) (S 43,25,30) (S 23,30,30) (S 17,23,23) (S 10,15,15) (S 1,2,2) (D 0,1,1)
 0 1 3 22 62 6 (D 0,1,1) (S 37,12,11) (S 7,11,11) (S 30,4,5) (S 56,5,1) (D 0,1,1)
 0 1 4 42 103 9 (D 0,1,1) (S 60,2,9) (S 63,18,23) (S 35,23,26) (S 25,26,30) (S 49,25,22) (S 12,17,17) (S 34,14,15) (D 0,1,1)
 0 1 5 39 76 7 (D 0,1,1) (S 3,5,5) (S 36,4,7) (S 28,7,12) (S 8,12,12) (S 67,8,5) (D 0,1,1)
 0 1 6 55 125 11 (D 0,1,1) (S 44,8,7) (S 42,7,6) (S 29,6,11) (S 40,11,16) (S 14,20,20) (S 41,20,27) (S 20,27,27) (S 59,20,16) (S 57,16,11) (D 0,1,1)
 0 1 7 15 61 4 (D 0,1,1) (S 16,22,22) (S 46,22,17) (D 0,1,1)
 0 1 8 66 145 10 (D 0,1,1) (S 38,8,13) (S 53,13,16) (S 61,20,21) (S 21,28,28) (S 18,24,24) (S 47,24,21) (S 39,21,20) (S 68,20,11) (D 0,1,1)
 0 1 9 15 44 5 (D 0,1,1) (S 48,4,6) (S 51,6,7) (S 54,7,8) (D 0,1,1)
 0 1 10 28 77 5 (D 0,1,1) (S 45,1,9) (S 50,18,26) (S 55,26,18) (D 0,1,1)
 0 1 11 17 42 5 (D 0,1,1) (S 62,2,3) (S 2,3,3) (S 58,10,9) (D 0,1,1)
 0 1 12 21 73 6 (D 0,1,1) (S 32,14,17) (S 64,17,22) (S 31,22,29) (S 65,30,23) (D 0,1,1)
 0 1 13 7 63 4 (D 0,1,1) (S 52,22,21) (S 66,21,22) (D 0,1,1)
