737
8
143
143
 0 1 1 29 130 7 (D 0,1,1) (S 16,1,5) (S 5,11,11) (S 11,11,13) (S 3,9,9) (S 2,7,7) (D 0,1,1)
 0 1 2 35 158 5 (D 0,1,1) (S 13,4,11) (S 12,4,10) (S 10,5,10) (D 0,1,1)
 0 1 3 27 133 6 (D 0,1,1) (S 8,2,8) (S 20,8,9) (S 17,8,12) (S 6,12,12) (D 0,1,1)
 0 1 4 30 70 4 (D 0,1,1) (S 18,1,4) (S 7,4,5) (D 0,1,1)
 0 1 5 12 26 3 (D 0,1,1) (S 19,1,3) (D 0,1,1)
 0 1 6 23 33 3 (D 0,1,1) (S 1,2,2) (D 0,1,1)
 0 1 7 25 103 5 (D 0,1,1) (S 9,2,6) (S 21,6,12) (S 15,2,3) (D 0,1,1)
 0 1 8 31 84 5 (D 0,1,1) (S 14,3,6) (S 22,6,10) (S 4,10,10) (D 0,1,1)
