897
8
640
640
 0 1 1 5 86 7 (D 0,1,1) (S 5,1,2) (S 4,2,2) (S 10,2,3) (S 2,3,3) (S 3,6,6) (D 0,1,1)
 0 1 2 5 117 7 (D 0,1,1) (S 11,2,4) (S 1,11,11) (S 15,11,3) (S 14,3,5) (S 17,5,6) (D 0,1,1)
 0 1 3 4 97 6 (D 0,1,1) (S 6,1,4) (S 16,4,11) (S 19,5,12) (S 9,12,1) (D 0,1,1)
 0 1 4 3 151 5 (D 0,1,1) (S 13,3,4) (S 18,11,5) (S 20,6,7) (D 0,1,1)
 0 1 5 2 80 4 (D 0,1,1) (S 7,1,7) (S 23,7,12) (D 0,1,1)
 0 1 6 5 200 7 (D 0,1,1) (S 29,1,10) (S 25,9,10) (S 22,8,7) (S 26,12,11) (S 21,6,12) (D 0,1,1)
 0 1 7 3 72 5 (D 0,1,1) (S 27,10,8) (S 24,8,10) (S 8,10,1) (D 0,1,1)
 0 1 8 2 94 4 (D 0,1,1) (S 28,10,9) (S 12,9,2) (D 0,1,1)
