716
16
5081
5081
 0 1 1 41 69 9 (D 0,1,1) (S 52,1,5) (S 50,5,11) (S 5,11,11) (S 6,12,12) (S 10,16,16) (S 9,15,15) (S 21,15,21) (D 0,1,1)
 0 1 2 16 22 4 (D 0,1,1) (S 14,1,9) (S 4,9,9) (D 0,1,1)
 0 1 3 51 83 10 (D 0,1,1) (S 53,11,12) (S 31,12,6) (S 2,6,6) (S 15,6,7) (S 3,7,7) (S 36,12,11) (S 39,11,5) (S 34,5,1) (D 0,1,1)
 0 1 4 20 28 4 (D 0,1,1) (S 28,1,19) (S 11,19,19) (D 0,1,1)
 0 1 5 25 53 6 (D 0,1,1) (S 24,16,17) (S 7,13,13) (S 22,13,17) (S 29,15,20) (D 0,1,1)
 0 1 6 24 41 5 (D 0,1,1) (S 1,3,3) (S 19,3,4) (S 25,4,5) (D 0,1,1)
 0 1 7 17 35 4 (D 0,1,1) (S 30,19,22) (S 12,22,22) (D 0,1,1)
 0 1 8 25 51 4 (D 0,1,1) (S 20,5,6) (S 33,6,12) (D 0,1,1)
 0 1 9 12 24 4 (D 0,1,1) (S 37,5,2) (S 35,2,5) (D 0,1,1)
 0 1 10 24 68 7 (D 0,1,1) (S 32,12,17) (S 16,17,18) (S 8,14,14) (S 38,14,8) (S 42,17,12) (D 0,1,1)
 0 1 11 7 25 5 (D 0,1,1) (S 46,10,2) (S 43,2,4) (S 44,4,2) (D 0,1,1)
 0 1 12 21 35 4 (D 0,1,1) (S 27,19,20) (S 45,20,1) (D 0,1,1)
 0 1 13 19 62 5 (D 0,1,1) (S 41,13,7) (S 26,7,8) (S 47,8,14) (D 0,1,1)
 0 1 14 33 60 7 (D 0,1,1) (S 48,1,20) (S 23,20,21) (S 49,21,23) (S 13,23,23) (S 18,23,24) (D 0,1,1)
 0 1 15 4 14 4 (D 0,1,1) (S 51,9,3) (S 40,3,9) (D 0,1,1)
 0 1 16 19 46 4 (D 0,1,1) (S 17,21,24) (S 54,23,21) (D 0,1,1)
