1302
23
57886
57886
 0 1 1 139 184 19 (D 0,1,1) (S 10,15,15) (S 16,23,23) (S 42,23,28) (S 21,28,28) (S 20,27,27) (S 51,25,33) (S 24,33,33) (S 36,33,41) (S 29,41,41) (S 30,43,43) (S 69,43,44) (S 26,37,37) (S 22,29,29) (S 60,29,24) (S 17,24,24) (S 12,17,17) (S 11,16,16) (D 0,1,1)
 0 1 2 11 19 4 (D 0,1,1) (S 41,9,14) (S 9,14,14) (D 0,1,1)
 0 1 3 90 144 16 (D 0,1,1) (S 94,23,24) (S 65,24,29) (S 44,37,44) (S 53,44,45) (S 32,45,45) (S 43,45,48) (S 39,48,49) (S 33,49,49) (S 27,38,38) (S 23,30,30) (S 58,29,23) (S 88,23,14) (S 54,14,15) (S 52,15,16) (D 0,1,1)
 0 1 4 26 56 5 (D 0,1,1) (S 35,17,31) (S 45,31,39) (S 28,39,39) (D 0,1,1)
 0 1 5 33 73 7 (D 0,1,1) (S 55,1,16) (S 76,32,31) (S 74,31,32) (S 37,32,40) (S 47,40,47) (D 0,1,1)
 0 1 6 29 50 5 (D 0,1,1) (S 4,5,5) (S 3,4,4) (S 48,4,7) (D 0,1,1)
 0 1 7 26 35 4 (D 0,1,1) (S 49,5,10) (S 5,10,10) (D 0,1,1)
 0 1 8 48 86 9 (D 0,1,1) (S 87,27,26) (S 19,26,26) (S 71,20,25) (S 18,25,25) (S 61,20,21) (S 8,13,13) (S 38,8,9) (D 0,1,1)
 0 1 9 4 14 4 (D 0,1,1) (S 63,5,2) (S 1,2,2) (D 0,1,1)
 0 1 10 28 57 9 (D 0,1,1) (S 57,1,9) (S 15,22,22) (S 64,21,22) (S 80,21,13) (S 86,13,21) (S 78,21,26) (S 90,26,27) (D 0,1,1)
 0 1 11 25 56 8 (D 0,1,1) (S 72,14,23) (S 67,28,27) (S 40,34,35) (S 25,36,36) (S 70,36,35) (S 95,36,28) (D 0,1,1)
 0 1 12 25 42 6 (D 0,1,1) (S 79,10,11) (S 6,11,11) (S 13,18,18) (S 75,18,17) (D 0,1,1)
 0 1 13 15 43 4 (D 0,1,1) (S 66,8,13) (S 50,13,22) (D 0,1,1)
 0 1 14 11 31 5 (D 0,1,1) (S 82,6,11) (S 7,12,12) (S 81,12,7) (D 0,1,1)
 0 1 15 12 41 5 (D 0,1,1) (S 89,35,36) (S 92,36,38) (S 62,30,17) (D 0,1,1)
 0 1 16 13 47 5 (D 0,1,1) (S 93,34,42) (S 77,42,34) (S 68,34,26) (D 0,1,1)
 0 1 17 11 29 4 (D 0,1,1) (S 56,6,7) (S 96,7,12) (D 0,1,1)
 0 1 18 16 49 4 (D 0,1,1) (S 59,42,43) (S 97,43,35) (D 0,1,1)
 0 1 19 30 73 8 (D 0,1,1) (S 31,44,44) (S 85,45,49) (S 34,50,50) (S 83,50,49) (S 98,49,50) (S 91,30,24) (D 0,1,1)
 0 1 20 13 29 4 (D 0,1,1) (S 99,2,3) (S 2,3,3) (D 0,1,1)
 0 1 21 21 43 4 (D 0,1,1) (S 14,19,19) (S 100,19,12) (D 0,1,1)
 0 1 22 24 62 5 (D 0,1,1) (S 84,30,39) (S 46,39,47) (S 101,40,39) (D 0,1,1)
 0 1 23 4 39 4 (D 0,1,1) (S 102,46,45) (S 73,45,46) (D 0,1,1)
