393
8
225
225
 0 1 1 4 43 6 (D 0,1,1) (S 7,12,12) (S 2,3,3) (S 9,3,5) (S 11,5,12) (D 0,1,1)
 0 1 2 5 68 6 (D 0,1,1) (S 1,2,2) (S 8,9,11) (S 16,5,6) (S 19,6,12) (D 0,1,1)
 0 1 3 3 41 5 (D 0,1,1) (S 10,6,7) (S 13,7,8) (S 4,8,8) (D 0,1,1)
 0 1 4 2 40 4 (D 0,1,1) (S 15,1,10) (S 6,10,10) (D 0,1,1)
 0 1 5 2 41 4 (D 0,1,1) (S 17,2,4) (S 3,4,4) (D 0,1,1)
 0 1 6 2 32 4 (D 0,1,1) (S 18,2,9) (S 5,9,9) (D 0,1,1)
 0 1 7 2 43 4 (D 0,1,1) (S 14,1,7) (S 20,7,12) (D 0,1,1)
 0 1 8 2 85 4 (D 0,1,1) (S 12,5,11) (S 21,8,11) (D 0,1,1)
