1193
22
29191
29191
 0 1 1 60 102 9 (D 0,1,1) (S 31,1,33) (S 66,26,34) (S 27,27,34) (S 13,27,27) (S 14,28,28) (S 63,27,26) (S 12,26,26) (D 0,1,1)
 0 1 2 52 74 9 (D 0,1,1) (S 30,2,6) (S 4,6,6) (S 34,7,13) (S 7,13,13) (S 22,13,18) (S 9,18,18) (S 1,2,2) (D 0,1,1)
 0 1 3 61 95 10 (D 0,1,1) (S 32,1,2) (S 18,36,36) (S 15,29,29) (S 33,29,30) (S 16,30,30) (S 17,31,31) (S 24,31,37) (S 70,36,35) (D 0,1,1)
 0 1 4 50 94 11 (D 0,1,1) (S 68,1,6) (S 49,6,12) (S 29,12,17) (S 52,17,20) (S 10,20,20) (S 36,20,23) (S 23,23,24) (S 57,25,24) (S 65,25,22) (D 0,1,1)
 0 1 5 43 61 5 (D 0,1,1) (S 25,1,40) (S 5,8,8) (S 39,8,40) (D 0,1,1)
 0 1 6 22 39 5 (D 0,1,1) (S 26,33,34) (S 43,34,35) (S 69,35,1) (D 0,1,1)
 0 1 7 35 68 9 (D 0,1,1) (S 83,2,3) (S 2,3,3) (S 28,3,4) (S 20,38,38) (S 41,38,39) (S 3,5,5) (S 76,3,2) (D 0,1,1)
 0 1 8 21 58 5 (D 0,1,1) (S 45,3,37) (S 19,37,37) (S 80,32,39) (D 0,1,1)
 0 1 9 21 52 5 (D 0,1,1) (S 38,14,15) (S 8,15,15) (S 79,9,8) (D 0,1,1)
 0 1 10 21 55 6 (D 0,1,1) (S 67,1,35) (S 53,35,36) (S 56,31,38) (S 71,38,37) (D 0,1,1)
 0 1 11 24 40 5 (D 0,1,1) (S 58,1,11) (S 6,11,11) (S 60,12,6) (D 0,1,1)
 0 1 12 20 44 5 (D 0,1,1) (S 35,1,10) (S 50,10,16) (S 61,16,10) (D 0,1,1)
 0 1 13 10 34 5 (D 0,1,1) (S 77,12,13) (S 62,13,17) (S 51,17,13) (D 0,1,1)
 0 1 14 8 43 5 (D 0,1,1) (S 37,20,21) (S 42,21,22) (S 11,22,22) (D 0,1,1)
 0 1 15 15 38 5 (D 0,1,1) (S 54,9,15) (S 72,15,9) (S 47,9,10) (D 0,1,1)
 0 1 16 9 37 4 (D 0,1,1) (S 73,4,5) (S 44,5,39) (D 0,1,1)
 0 1 17 9 34 4 (D 0,1,1) (S 64,12,11) (S 74,11,12) (D 0,1,1)
 0 1 18 34 67 5 (D 0,1,1) (S 21,17,18) (S 75,18,19) (S 55,19,13) (D 0,1,1)
 0 1 19 10 39 4 (D 0,1,1) (S 59,31,30) (S 78,30,37) (D 0,1,1)
 0 1 20 22 43 4 (D 0,1,1) (S 81,34,26) (S 40,26,33) (D 0,1,1)
 0 1 21 8 48 4 (D 0,1,1) (S 46,21,24) (S 82,24,25) (D 0,1,1)
 0 1 22 4 28 4 (D 0,1,1) (S 84,4,38) (S 48,38,4) (D 0,1,1)
