343
10
3447
3447
 0 1 1 9 15 5 (D 0,1,1) (S 1,2,2) (S 3,4,4) (S 2,3,3) (D 0,1,1)
 0 1 2 17 28 6 (D 0,1,1) (S 14,3,4) (S 39,4,5) (S 4,5,5) (S 8,9,9) (D 0,1,1)
 0 1 3 8 25 6 (D 0,1,1) (S 27,2,4) (S 5,6,6) (S 10,12,12) (S 9,11,11) (D 0,1,1)
 0 1 4 18 46 6 (D 0,1,1) (S 11,13,13) (S 29,13,14) (S 12,14,14) (S 7,8,8) (D 0,1,1)
 0 1 5 16 41 6 (D 0,1,1) (S 28,5,6) (S 18,6,7) (S 40,8,7) (S 6,7,7) (D 0,1,1)
 0 1 6 20 42 7 (D 0,1,1) (S 23,5,10) (S 20,10,11) (S 16,11,15) (S 17,15,21) (S 21,21,24) (D 0,1,1)
 0 1 7 6 26 5 (D 0,1,1) (S 25,15,16) (S 13,16,16) (S 38,16,12) (D 0,1,1)
 0 1 8 19 46 7 (D 0,1,1) (S 22,10,20) (S 37,23,20) (S 33,20,23) (S 19,22,23) (S 26,22,19) (D 0,1,1)
 0 1 9 10 38 6 (D 0,1,1) (S 24,13,17) (S 31,17,18) (S 34,18,17) (S 35,16,15) (D 0,1,1)
 0 1 10 14 36 6 (D 0,1,1) (S 15,9,19) (S 32,19,20) (S 36,23,24) (S 30,21,20) (D 0,1,1)
