245
13
284
284
 0 1 1 35 45 6 (D 0,1,1) (S 15,2,6) (S 4,6,6) (S 6,6,7) (S 5,7,7) (D 0,1,1)
 0 1 2 8 10 3 (D 0,1,1) (S 7,1,8) (D 0,1,1)
 0 1 3 13 17 4 (D 0,1,1) (S 1,2,2) (S 8,2,7) (D 0,1,1)
 0 1 4 18 28 6 (D 0,1,1) (S 10,1,3) (S 2,3,3) (S 14,3,5) (S 23,5,6) (D 0,1,1)
 0 1 5 22 28 5 (D 0,1,1) (S 12,1,4) (S 3,4,4) (S 11,4,6) (D 0,1,1)
 0 1 6 13 22 4 (D 0,1,1) (S 9,2,5) (S 16,5,8) (D 0,1,1)
 0 1 7 12 19 4 (D 0,1,1) (S 13,1,5) (S 17,5,7) (D 0,1,1)
 0 1 8 8 12 3 (D 0,1,1) (S 19,2,8) (D 0,1,1)
 0 1 9 6 11 3 (D 0,1,1) (S 20,3,6) (D 0,1,1)
 0 1 10 10 17 4 (D 0,1,1) (S 21,2,3) (S 18,3,7) (D 0,1,1)
 0 1 11 7 9 3 (D 0,1,1) (S 22,1,7) (D 0,1,1)
 0 1 12 8 13 3 (D 0,1,1) (S 24,3,8) (D 0,1,1)
 0 1 13 8 14 3 (D 0,1,1) (S 25,4,8) (D 0,1,1)
