499
7
390
390
 0 1 1 5 68 7 (D 0,1,1) (S 19,1,12) (S 4,6,6) (S 3,5,5) (S 8,5,11) (S 5,9,9) (D 0,1,1)
 0 1 2 3 93 5 (D 0,1,1) (S 23,12,13) (S 2,3,3) (S 11,3,13) (D 0,1,1)
 0 1 3 4 90 6 (D 0,1,1) (S 14,1,10) (S 9,10,11) (S 12,9,10) (S 7,8,10) (D 0,1,1)
 0 1 4 5 55 5 (D 0,1,1) (S 1,2,2) (S 13,2,3) (S 10,3,5) (D 0,1,1)
 0 1 5 3 57 5 (D 0,1,1) (S 15,1,4) (S 16,4,13) (S 21,5,6) (D 0,1,1)
 0 1 6 2 35 4 (D 0,1,1) (S 6,6,7) (S 20,7,12) (D 0,1,1)
 0 1 7 4 101 6 (D 0,1,1) (S 17,1,7) (S 22,7,8) (S 24,8,11) (S 18,5,13) (D 0,1,1)
