373
13
1023
1023
 0 1 1 15 24 5 (D 0,1,1) (S 5,6,6) (S 8,6,7) (S 14,7,11) (D 0,1,1)
 0 1 2 25 30 6 (D 0,1,1) (S 13,1,7) (S 9,7,10) (S 7,10,10) (S 2,3,3) (D 0,1,1)
 0 1 3 20 36 7 (D 0,1,1) (S 22,5,8) (S 6,8,8) (S 1,2,2) (S 15,2,11) (S 35,2,3) (D 0,1,1)
 0 1 4 26 36 6 (D 0,1,1) (S 19,1,4) (S 3,4,4) (S 16,4,5) (S 4,5,5) (D 0,1,1)
 0 1 5 13 24 4 (D 0,1,1) (S 12,1,3) (S 21,3,11) (D 0,1,1)
 0 1 6 9 24 4 (D 0,1,1) (S 25,6,9) (S 10,9,10) (D 0,1,1)
 0 1 7 18 36 5 (D 0,1,1) (S 30,5,10) (S 26,3,5) (S 24,5,7) (D 0,1,1)
 0 1 8 12 28 5 (D 0,1,1) (S 17,1,11) (S 11,7,9) (S 31,9,11) (D 0,1,1)
 0 1 9 16 34 5 (D 0,1,1) (S 32,1,9) (S 20,4,6) (S 18,6,8) (D 0,1,1)
 0 1 10 10 23 4 (D 0,1,1) (S 27,5,11) (S 33,2,8) (D 0,1,1)
 0 1 11 14 29 4 (D 0,1,1) (S 28,1,2) (S 34,2,5) (D 0,1,1)
 0 1 12 12 26 4 (D 0,1,1) (S 29,3,9) (S 36,4,9) (D 0,1,1)
 0 1 13 15 23 4 (D 0,1,1) (S 37,2,4) (S 23,4,11) (D 0,1,1)
