408
8
360
360
 0 1 1 5 68 5 (D 0,1,1) (S 7,5,11) (S 5,8,8) (S 4,7,7) (D 0,1,1)
 0 1 2 4 62 6 (D 0,1,1) (S 21,1,12) (S 3,6,6) (S 8,3,5) (S 14,3,4) (D 0,1,1)
 0 1 3 2 28 4 (D 0,1,1) (S 10,1,4) (S 2,4,4) (D 0,1,1)
 0 1 4 4 35 5 (D 0,1,1) (S 15,1,2) (S 1,2,2) (S 12,2,4) (D 0,1,1)
 0 1 5 2 47 4 (D 0,1,1) (S 13,1,7) (S 16,5,12) (D 0,1,1)
 0 1 6 5 79 6 (D 0,1,1) (S 18,1,9) (S 22,9,11) (S 17,9,10) (S 6,10,10) (D 0,1,1)
 0 1 7 2 59 4 (D 0,1,1) (S 19,6,8) (S 11,7,10) (D 0,1,1)
 0 1 8 2 30 4 (D 0,1,1) (S 9,5,6) (S 20,6,12) (D 0,1,1)
