18157
15
5773
5773
 0 1 1 1660 2463 10 (D 0,21,21) (S 20,17,16) (S 18,16,8) (S 5,6,1) (S 2,2,3) (S 3,4,5) (S 14,11,10) (S 19,16,15) (S 28,20,21) (D 0,21,21)
 0 1 2 1192 1592 7 (D 0,21,21) (S 31,22,17) (S 7,7,6) (S 6,6,12) (S 15,12,13) (S 16,13,15) (D 0,21,21)
 0 1 3 403 616 4 (D 0,21,21) (S 9,8,7) (S 8,7,13) (D 0,21,21)
 0 1 4 1282 1969 8 (D 0,21,21) (S 21,17,18) (S 26,19,10) (S 11,10,4) (S 4,5,11) (S 12,10,9) (S 10,9,8) (D 0,21,21)
 0 1 5 942 1258 6 (D 0,21,21) (S 17,14,24) (S 1,24,24) (S 33,24,25) (S 35,25,21) (D 0,21,21)
 0 1 6 1802 2239 7 (D 0,21,21) (S 23,18,10) (S 13,10,18) (S 25,18,23) (S 32,23,22) (S 39,27,26) (D 0,21,21)
 0 1 7 839 1247 5 (D 0,21,21) (S 24,18,19) (S 27,19,30) (S 37,26,25) (D 0,21,21)
 0 1 8 684 855 4 (D 0,21,21) (S 29,21,17) (S 22,17,22) (D 0,21,21)
 0 1 9 447 593 4 (D 0,21,21) (S 30,21,22) (S 34,25,20) (D 0,21,21)
 0 1 10 461 780 6 (D 0,21,21) (S 40,27,31) (S 44,31,28) (S 41,28,29) (S 42,29,23) (D 0,21,21)
 0 1 11 770 1123 5 (D 0,21,21) (S 36,25,33) (S 46,33,32) (S 45,32,24) (D 0,21,21)
 0 1 12 675 988 4 (D 0,21,21) (S 38,26,34) (S 47,34,33) (D 0,21,21)
 0 1 13 443 715 4 (D 0,21,21) (S 48,34,35) (S 49,35,27) (D 0,21,21)
 0 1 14 696 1004 5 (D 0,21,21) (S 50,35,36) (S 51,36,31) (S 43,31,27) (D 0,21,21)
 0 1 15 262 715 4 (D 0,21,21) (S 52,36,37) (S 53,38,30) (D 0,21,21)
