870
13
7712
7712
 0 1 1 29 39 5 (D 0,1,1) (S 1,2,2) (S 27,3,9) (S 7,9,9) (D 0,1,1)
 0 1 2 62 105 11 (D 0,1,1) (S 49,1,31) (S 4,6,6) (S 3,5,5) (S 50,14,10) (S 29,10,16) (S 12,16,16) (S 11,15,15) (S 10,14,14) (S 55,31,1) (D 0,1,1)
 0 1 3 44 84 9 (D 0,1,1) (S 56,29,28) (S 21,28,28) (S 19,26,26) (S 35,26,27) (S 47,29,27) (S 20,27,27) (S 23,30,30) (D 0,1,1)
 0 1 4 22 40 4 (D 0,1,1) (S 26,6,7) (S 5,7,7) (D 0,1,1)
 0 1 5 44 73 10 (D 0,1,1) (S 54,23,26) (S 42,26,23) (S 17,23,23) (S 30,23,24) (S 18,24,24) (S 43,27,29) (S 22,29,29) (S 44,29,31) (D 0,1,1)
 0 1 6 79 115 10 (D 0,1,1) (S 25,2,3) (S 40,3,4) (S 2,4,4) (S 9,13,13) (S 8,12,12) (S 31,11,17) (S 13,17,17) (S 45,11,6) (D 0,1,1)
 0 1 7 51 96 6 (D 0,1,1) (S 33,4,13) (S 15,19,19) (S 28,19,20) (S 34,20,22) (D 0,1,1)
 0 1 8 18 58 4 (D 0,1,1) (S 16,21,21) (S 36,21,19) (D 0,1,1)
 0 1 9 16 57 4 (D 0,1,1) (S 38,21,18) (S 14,18,18) (D 0,1,1)
 0 1 10 9 42 4 (D 0,1,1) (S 41,16,17) (S 37,11,10) (D 0,1,1)
 0 1 11 16 38 5 (D 0,1,1) (S 48,28,25) (S 39,25,28) (S 24,28,31) (D 0,1,1)
 0 1 12 33 57 5 (D 0,1,1) (S 53,9,8) (S 6,8,8) (S 51,8,9) (D 0,1,1)
 0 1 13 28 66 5 (D 0,1,1) (S 46,10,11) (S 32,11,12) (S 52,12,8) (D 0,1,1)
