1285
19
71668
71668
 0 1 1 28 38 7 (D 0,1,1) (S 65,1,15) (S 6,15,15) (S 30,15,23) (S 10,23,23) (S 98,15,1) (D 0,1,1)
 0 1 2 41 76 10 (D 0,1,1) (S 102,22,28) (S 16,35,35) (S 73,35,34) (S 15,34,34) (S 12,25,25) (S 101,20,21) (S 9,21,21) (S 68,13,9) (D 0,1,1)
 0 1 3 12 25 5 (D 0,1,1) (S 54,15,24) (S 11,24,24) (S 79,24,23) (D 0,1,1)
 0 1 4 41 64 8 (D 0,1,1) (S 4,10,10) (S 1,2,2) (S 27,3,6) (S 2,6,6) (S 32,6,11) (S 5,11,11) (D 0,1,1)
 0 1 5 82 123 15 (D 0,1,1) (S 104,1,16) (S 39,16,17) (S 74,17,18) (S 8,18,18) (S 76,18,19) (S 46,19,32) (S 38,31,32) (S 33,32,40) (S 18,40,40) (S 41,40,47) (S 17,39,39) (S 91,30,29) (S 14,29,29) (D 0,1,1)
 0 1 6 146 241 24 (D 0,1,1) (S 3,9,9) (S 31,14,22) (S 109,13,22) (S 100,22,21) (S 108,21,13) (S 85,13,21) (S 69,21,26) (S 13,26,26) (S 103,26,25) (S 99,33,41) (S 49,41,42) (S 28,43,44) (S 34,43,48) (S 21,48,48) (S 107,45,49) (S 22,49,49) (S 110,50,45) (S 20,45,45) (S 26,45,46) (S 51,38,39) (S 29,39,47) (S 105,30,17) (D 0,1,1)
 0 1 7 57 121 12 (D 0,1,1) (S 48,14,23) (S 112,28,27) (S 24,28,36) (S 111,36,44) (S 43,34,42) (S 19,42,42) (S 86,41,33) (S 80,33,34) (S 37,26,27) (S 70,22,23) (D 0,1,1)
 0 1 8 17 41 5 (D 0,1,1) (S 40,10,11) (S 36,11,12) (S 50,12,19) (D 0,1,1)
 0 1 9 52 87 8 (D 0,1,1) (S 42,10,17) (S 7,17,17) (S 53,31,39) (S 59,39,40) (S 95,31,17) (S 93,16,1) (D 0,1,1)
 0 1 10 20 48 5 (D 0,1,1) (S 60,23,22) (S 58,22,13) (S 61,13,8) (D 0,1,1)
 0 1 11 44 90 11 (D 0,1,1) (S 90,23,24) (S 81,24,29) (S 78,29,30) (S 72,30,38) (S 67,38,37) (S 25,37,44) (S 66,43,35) (S 57,27,28) (S 45,14,15) (D 0,1,1)
 0 1 12 36 91 8 (D 0,1,1) (S 97,17,30) (S 47,38,46) (S 52,46,50) (S 75,50,49) (S 62,45,44) (S 44,35,36) (D 0,1,1)
 0 1 13 13 29 5 (D 0,1,1) (S 87,5,6) (S 82,6,5) (S 55,5,10) (D 0,1,1)
 0 1 14 10 26 4 (D 0,1,1) (S 84,9,8) (S 88,8,9) (D 0,1,1)
 0 1 15 12 39 4 (D 0,1,1) (S 71,29,28) (S 92,28,22) (D 0,1,1)
 0 1 16 3 31 4 (D 0,1,1) (S 94,38,36) (S 64,36,38) (D 0,1,1)
 0 1 17 15 32 5 (D 0,1,1) (S 96,2,3) (S 83,3,2) (S 63,5,1) (D 0,1,1)
 0 1 18 5 31 4 (D 0,1,1) (S 77,21,20) (S 56,20,25) (D 0,1,1)
 0 1 19 20 52 6 (D 0,1,1) (S 35,3,4) (S 106,4,7) (S 89,7,4) (S 23,7,12) (D 0,1,1)
