396
7
370
370
 0 1 1 5 69 5 (D 0,1,1) (S 2,3,3) (S 4,5,5) (S 15,5,13) (D 0,1,1)
 0 1 2 5 43 6 (D 0,1,1) (S 5,7,7) (S 9,7,8) (S 6,8,8) (S 10,6,12) (D 0,1,1)
 0 1 3 2 28 4 (D 0,1,1) (S 11,1,2) (S 1,2,2) (D 0,1,1)
 0 1 4 3 49 5 (D 0,1,1) (S 22,1,12) (S 14,12,13) (S 3,4,4) (D 0,1,1)
 0 1 5 5 96 7 (D 0,1,1) (S 17,1,4) (S 21,2,9) (S 8,9,10) (S 16,10,11) (S 13,5,12) (D 0,1,1)
 0 1 6 4 73 6 (D 0,1,1) (S 20,1,10) (S 23,8,10) (S 7,9,9) (S 18,2,4) (D 0,1,1)
 0 1 7 2 38 4 (D 0,1,1) (S 19,5,6) (S 12,6,7) (D 0,1,1)
