1106
11
2668
2668
 0 1 1 52 109 9 (D 0,1,1) (S 36,10,20) (S 6,20,20) (S 13,15,21) (S 7,21,21) (S 4,15,15) (S 20,15,11) (S 24,5,4) (D 0,1,1)
 0 1 2 87 201 12 (D 0,1,1) (S 2,3,3) (S 19,3,4) (S 34,4,5) (S 35,5,11) (S 15,5,10) (S 12,22,23) (S 5,19,19) (S 14,19,22) (S 23,19,20) (S 37,3,1) (D 0,1,1)
 0 1 3 58 124 7 (D 0,1,1) (S 8,3,9) (S 18,9,10) (S 25,16,12) (S 3,12,12) (S 1,2,2) (D 0,1,1)
 0 1 4 21 99 5 (D 0,1,1) (S 17,13,17) (S 9,17,18) (S 26,18,14) (D 0,1,1)
 0 1 5 12 96 4 (D 0,1,1) (S 29,12,6) (S 27,6,12) (D 0,1,1)
 0 1 6 9 78 4 (D 0,1,1) (S 31,16,17) (S 30,17,16) (D 0,1,1)
 0 1 7 17 64 4 (D 0,1,1) (S 16,10,11) (S 32,11,5) (D 0,1,1)
 0 1 8 16 98 5 (D 0,1,1) (S 10,13,14) (S 28,8,7) (S 33,7,6) (D 0,1,1)
 0 1 9 9 88 4 (D 0,1,1) (S 38,7,8) (S 11,8,14) (D 0,1,1)
 0 1 10 22 92 4 (D 0,1,1) (S 22,23,24) (S 39,24,21) (D 0,1,1)
 0 1 11 7 57 4 (D 0,1,1) (S 40,20,23) (S 21,23,20) (D 0,1,1)
