1591
17
29722
29722
 0 1 1 58 85 7 (D 0,1,1) (S 27,6,7) (S 4,7,7) (S 9,13,13) (S 8,12,12) (S 3,6,6) (D 0,1,1)
 0 1 2 72 114 10 (D 0,1,1) (S 26,2,3) (S 1,3,3) (S 7,10,10) (S 12,16,16) (S 47,16,15) (S 11,15,15) (S 10,14,14) (S 78,13,7) (D 0,1,1)
 0 1 3 72 128 9 (D 0,1,1) (S 73,1,6) (S 32,6,18) (S 75,18,19) (S 31,19,20) (S 14,20,20) (S 37,21,22) (S 15,22,22) (D 0,1,1)
 0 1 4 72 185 15 (D 0,1,1) (S 52,7,13) (S 49,12,18) (S 64,19,25) (S 79,30,29) (S 71,25,29) (S 17,25,25) (S 22,30,30) (S 23,31,31) (S 82,31,32) (S 76,32,33) (S 24,33,33) (S 25,34,34) (S 40,21,15) (D 0,1,1)
 0 1 5 47 133 8 (D 0,1,1) (S 68,1,2) (S 66,4,10) (S 28,11,24) (S 74,23,24) (S 16,24,24) (S 54,20,14) (D 0,1,1)
 0 1 6 18 53 5 (D 0,1,1) (S 77,2,8) (S 5,8,8) (S 30,8,14) (D 0,1,1)
 0 1 7 29 84 6 (D 0,1,1) (S 34,16,17) (S 13,17,17) (S 70,16,10) (S 69,9,15) (D 0,1,1)
 0 1 8 47 97 9 (D 0,1,1) (S 38,8,9) (S 6,9,9) (S 35,9,10) (S 81,10,4) (S 2,4,4) (S 62,4,3) (S 59,2,1) (D 0,1,1)
 0 1 9 41 108 7 (D 0,1,1) (S 46,25,26) (S 18,26,26) (S 43,26,25) (S 42,19,18) (S 53,18,12) (D 0,1,1)
 0 1 10 28 77 5 (D 0,1,1) (S 44,18,29) (S 21,29,29) (S 45,19,13) (D 0,1,1)
 0 1 11 41 101 5 (D 0,1,1) (S 61,2,13) (S 19,27,27) (S 55,27,21) (D 0,1,1)
 0 1 12 6 40 4 (D 0,1,1) (S 39,14,15) (S 57,15,14) (D 0,1,1)
 0 1 13 8 62 5 (D 0,1,1) (S 50,15,21) (S 56,22,23) (S 60,23,22) (D 0,1,1)
 0 1 14 20 71 5 (D 0,1,1) (S 48,25,30) (S 63,30,25) (S 51,19,12) (D 0,1,1)
 0 1 15 19 83 5 (D 0,1,1) (S 36,4,5) (S 65,5,11) (S 58,11,17) (D 0,1,1)
 0 1 16 28 100 7 (D 0,1,1) (S 72,23,28) (S 20,28,28) (S 29,28,34) (S 33,28,33) (S 67,33,34) (D 0,1,1)
 0 1 17 8 70 4 (D 0,1,1) (S 80,17,11) (S 41,11,5) (D 0,1,1)
