1105
19
18492
18492
 0 1 1 30 48 6 (D 0,1,1) (S 1,2,2) (S 2,3,3) (S 33,3,4) (S 3,4,4) (D 0,1,1)
 0 1 2 29 53 7 (D 0,1,1) (S 36,7,13) (S 10,13,13) (S 28,13,18) (S 13,18,18) (S 49,13,12) (D 0,1,1)
 0 1 3 83 117 11 (D 0,1,1) (S 27,1,2) (S 44,2,36) (S 23,36,36) (S 18,29,29) (S 19,30,30) (S 53,30,31) (S 20,31,31) (S 29,31,37) (S 61,36,35) (D 0,1,1)
 0 1 4 31 50 8 (D 0,1,1) (S 60,1,6) (S 72,6,12) (S 9,12,12) (S 31,12,17) (S 12,17,17) (S 50,12,6) (D 0,1,1)
 0 1 5 19 59 6 (D 0,1,1) (S 76,11,12) (S 14,20,20) (S 34,20,21) (S 30,21,22) (D 0,1,1)
 0 1 6 59 86 8 (D 0,1,1) (S 68,1,8) (S 5,8,8) (S 35,14,15) (S 11,15,15) (S 6,9,9) (S 43,9,10) (D 0,1,1)
 0 1 7 16 32 4 (D 0,1,1) (S 42,1,10) (S 7,10,10) (D 0,1,1)
 0 1 8 38 55 7 (D 0,1,1) (S 21,33,33) (S 32,33,34) (S 46,34,35) (S 22,35,35) (S 52,35,1) (D 0,1,1)
 0 1 9 20 53 4 (D 0,1,1) (S 45,17,18) (S 47,19,13) (D 0,1,1)
 0 1 10 13 33 4 (D 0,1,1) (S 40,3,37) (S 55,37,36) (D 0,1,1)
 0 1 11 10 45 5 (D 0,1,1) (S 65,38,37) (S 56,31,38) (S 54,38,4) (D 0,1,1)
 0 1 12 26 44 5 (D 0,1,1) (S 74,1,11) (S 8,11,11) (S 57,16,10) (D 0,1,1)
 0 1 13 40 81 9 (D 0,1,1) (S 26,6,7) (S 39,18,22) (S 51,22,25) (S 59,25,24) (S 15,23,23) (S 58,20,17) (S 69,17,13) (D 0,1,1)
 0 1 14 48 74 7 (D 0,1,1) (S 64,1,35) (S 17,27,27) (S 62,27,26) (S 16,26,26) (S 38,26,33) (D 0,1,1)
 0 1 15 19 56 5 (D 0,1,1) (S 63,38,31) (S 48,32,39) (S 4,5,5) (D 0,1,1)
 0 1 16 14 57 6 (D 0,1,1) (S 73,12,13) (S 25,21,24) (S 67,24,25) (S 71,25,22) (D 0,1,1)
 0 1 17 13 46 4 (D 0,1,1) (S 24,38,39) (S 70,5,4) (D 0,1,1)
 0 1 18 31 68 5 (D 0,1,1) (S 77,34,26) (S 75,26,34) (S 41,28,35) (D 0,1,1)
 0 1 19 20 48 5 (D 0,1,1) (S 37,1,40) (S 66,8,9) (S 78,9,15) (D 0,1,1)
