1627
17
33632
33632
 0 1 1 77 115 14 (D 0,1,1) (S 2,4,4) (S 36,5,11) (S 56,11,16) (S 10,16,16) (S 13,20,20) (S 42,20,19) (S 47,19,16) (S 85,16,15) (S 59,15,10) (S 48,10,9) (S 1,2,2) (S 71,2,1) (D 0,1,1)
 0 1 2 83 165 18 (D 0,1,1) (S 84,1,7) (S 3,7,7) (S 43,8,9) (S 4,9,9) (S 66,9,10) (S 76,10,4) (S 67,17,20) (S 53,33,37) (S 33,37,41) (S 26,37,37) (S 83,33,27) (S 20,27,27) (S 12,19,19) (S 9,15,15) (S 5,10,10) (S 79,9,3) (D 0,1,1)
 0 1 3 79 163 12 (D 0,1,1) (S 54,14,13) (S 51,13,14) (S 8,14,14) (S 78,24,25) (S 18,25,25) (S 19,26,26) (S 31,26,27) (S 40,27,28) (S 11,17,17) (S 57,11,10) (D 0,1,1)
 0 1 4 50 111 7 (D 0,1,1) (S 35,4,5) (S 30,16,17) (S 32,17,18) (S 34,18,22) (S 15,22,22) (D 0,1,1)
 0 1 5 51 114 7 (D 0,1,1) (S 17,24,24) (S 37,25,31) (S 23,31,31) (S 82,32,26) (S 50,25,15) (D 0,1,1)
 0 1 6 28 110 6 (D 0,1,1) (S 44,37,36) (S 25,36,36) (S 41,36,32) (S 80,32,31) (D 0,1,1)
 0 1 7 22 70 5 (D 0,1,1) (S 45,20,21) (S 14,21,21) (S 60,21,20) (D 0,1,1)
 0 1 8 22 58 5 (D 0,1,1) (S 16,23,23) (S 46,23,13) (S 7,13,13) (D 0,1,1)
 0 1 9 13 47 5 (D 0,1,1) (S 58,11,12) (S 6,12,12) (S 74,12,11) (D 0,1,1)
 0 1 10 14 38 4 (D 0,1,1) (S 52,7,13) (S 61,13,7) (D 0,1,1)
 0 1 11 33 80 5 (D 0,1,1) (S 63,24,30) (S 22,30,30) (S 21,29,29) (D 0,1,1)
 0 1 12 55 136 8 (D 0,1,1) (S 68,23,29) (S 64,34,38) (S 27,38,38) (S 69,34,35) (S 24,35,35) (S 55,25,24) (D 0,1,1)
 0 1 13 30 119 5 (D 0,1,1) (S 39,30,31) (S 70,36,40) (S 29,40,40) (D 0,1,1)
 0 1 14 31 124 6 (D 0,1,1) (S 38,27,32) (S 72,32,36) (S 28,39,39) (S 49,34,29) (D 0,1,1)
 0 1 15 12 88 4 (D 0,1,1) (S 73,35,36) (S 65,36,35) (D 0,1,1)
 0 1 16 10 28 4 (D 0,1,1) (S 75,3,4) (S 62,4,10) (D 0,1,1)
 0 1 17 17 61 4 (D 0,1,1) (S 81,6,12) (S 77,6,5) (D 0,1,1)
