295
7
574
574
 0 1 1 29 48 7 (D 0,1,1) (S 17,2,6) (S 19,6,9) (S 16,4,8) (S 7,8,8) (S 6,7,7) (D 0,1,1)
 0 1 2 37 56 8 (D 0,1,1) (S 23,2,7) (S 8,7,8) (S 1,2,2) (S 9,2,4) (S 3,4,4) (S 21,4,9) (D 0,1,1)
 0 1 3 22 49 6 (D 0,1,1) (S 13,1,9) (S 11,4,5) (S 4,5,5) (S 10,5,8) (D 0,1,1)
 0 1 4 5 13 4 (D 0,1,1) (S 12,1,6) (S 5,6,6) (D 0,1,1)
 0 1 5 26 43 5 (D 0,1,1) (S 18,1,3) (S 2,3,3) (S 15,3,8) (D 0,1,1)
 0 1 6 12 30 4 (D 0,1,1) (S 20,2,3) (S 22,3,4) (D 0,1,1)
 0 1 7 22 56 5 (D 0,1,1) (S 14,5,9) (S 25,3,6) (S 24,6,7) (D 0,1,1)
