246893
141
55881934
55881934
 0 1 1 1766 3478 19 (D 0,350,350) (S 745,132,780) (S 462,485,486) (S 746,485,781) (S 747,781,782) (S 601,640,641) (S 602,641,642) (S 377,367,19) (S 20,20,20) (S 19,19,19) (S 186,186,186) (S 154,154,154) (S 815,142,834) (S 816,835,836) (S 817,836,837) (S 21,21,21) (S 406,422,47) (S 572,112,350) (D 0,350,350)
 0 1 2 1321 3900 28 (D 0,350,350) (S 112,112,112) (S 682,709,184) (S 819,184,529) (S 495,529,530) (S 336,336,336) (S 265,265,265) (S 132,132,132) (S 748,783,626) (S 757,794,574) (S 758,574,795) (S 338,338,338) (S 226,226,226) (S 761,785,277) (S 277,277,277) (S 95,95,95) (S 198,198,198) (S 763,455,798) (S 26,26,26) (S 382,26,27) (S 27,27,27) (S 28,28,28) (S 457,479,480) (S 585,625,626) (S 813,575,833) (S 814,833,279) (S 818,837,838) (D 0,350,350)
 0 1 3 602 2654 23 (D 0,350,350) (S 92,92,92) (S 166,166,166) (S 314,314,314) (S 477,504,24) (S 24,24,24) (S 478,24,505) (S 479,506,507) (S 708,725,429) (S 480,508,509) (S 100,100,100) (S 514,553,554) (S 713,618,359) (S 110,110,110) (S 109,109,109) (S 83,83,83) (S 76,76,76) (S 781,74,809) (S 171,171,171) (S 785,375,812) (S 113,113,113) (S 599,638,351) (D 0,350,350)
 0 1 4 961 2334 26 (D 0,350,350) (S 590,629,630) (S 591,631,632) (S 592,632,290) (S 290,290,290) (S 12,12,12) (S 33,33,33) (S 387,33,398) (S 388,398,399) (S 32,32,32) (S 119,119,119) (S 340,340,340) (S 778,469,4) (S 659,686,172) (S 780,478,74) (S 74,74,74) (S 782,810,423) (S 783,423,811) (S 784,811,683) (S 786,812,813) (S 274,274,274) (S 593,562,560) (S 306,306,306) (S 358,361,3) (S 3,3,3) (D 0,350,350)
 0 1 5 210 1138 9 (D 0,350,350) (S 803,562,826) (S 134,134,134) (S 8,8,8) (S 562,8,604) (S 563,605,135) (S 135,135,135) (S 148,148,148) (D 0,350,350)
 0 1 6 693 4150 31 (D 0,350,350) (S 349,350,351) (S 521,361,560) (S 558,601,133) (S 559,133,602) (S 564,602,603) (S 560,603,134) (S 561,134,8) (S 794,818,819) (S 117,117,117) (S 580,143,622) (S 143,143,143) (S 257,257,257) (S 217,217,217) (S 232,232,232) (S 219,219,219) (S 798,729,452) (S 62,62,62) (S 799,223,824) (S 800,824,102) (S 569,611,612) (S 102,102,102) (S 178,178,178) (S 181,181,181) (S 706,736,737) (S 202,202,202) (S 203,203,203) (S 176,176,176) (S 177,177,177) (S 133,133,133) (D 0,350,350)
 0 1 7 1306 4096 30 (D 0,350,350) (S 359,362,363) (S 316,316,316) (S 795,820,821) (S 526,117,566) (S 797,823,187) (S 187,187,187) (S 324,324,324) (S 218,218,218) (S 273,273,273) (S 700,729,730) (S 431,452,453) (S 223,223,223) (S 801,102,825) (S 323,323,323) (S 204,204,204) (S 241,241,241) (S 205,205,205) (S 206,206,206) (S 242,242,242) (S 243,243,243) (S 207,207,207) (S 208,208,208) (S 209,209,209) (S 210,210,210) (S 244,244,244) (S 245,245,245) (S 211,211,211) (S 212,212,212) (D 0,350,350)
 0 1 8 243 1002 13 (D 0,350,350) (S 645,674,675) (S 646,675,385) (S 373,385,386) (S 376,386,18) (S 18,18,18) (S 227,227,227) (S 88,88,88) (S 488,449,521) (S 213,213,213) (S 215,215,215) (S 496,531,532) (D 0,350,350)
 0 1 9 587 3133 16 (D 0,350,350) (S 750,784,785) (S 762,456,455) (S 764,799,90) (S 129,129,129) (S 540,585,586) (S 63,63,63) (S 432,65,64) (S 64,64,64) (S 65,65,65) (S 224,224,224) (S 541,587,489) (S 339,339,339) (S 744,514,559) (S 520,404,112) (D 0,350,350)
 0 1 10 1309 3277 11 (D 0,350,350) (S 434,456,457) (S 66,66,66) (S 435,66,458) (S 436,458,459) (S 67,67,67) (S 225,225,225) (S 494,528,529) (S 830,850,620) (S 579,620,621) (D 0,350,350)
 0 1 11 13 937 4 (D 0,350,350) (S 93,93,93) (S 231,231,231) (D 0,350,350)
 0 1 12 253 1419 14 (D 0,350,350) (S 332,332,332) (S 156,156,156) (S 157,157,157) (S 625,157,657) (S 158,158,158) (S 660,687,688) (S 442,463,464) (S 789,463,190) (S 190,190,190) (S 234,234,234) (S 235,235,235) (S 283,283,283) (D 0,350,350)
 0 1 13 565 3305 16 (D 0,350,350) (S 751,165,786) (S 752,786,787) (S 754,790,791) (S 756,793,266) (S 267,267,267) (S 160,160,160) (S 193,193,193) (S 194,194,194) (S 236,236,236) (S 330,330,330) (S 237,237,237) (S 238,238,238) (S 698,726,727) (S 165,165,165) (D 0,350,350)
 0 1 14 975 2135 6 (D 0,350,350) (S 230,230,230) (S 114,114,114) (S 115,115,115) (S 240,240,240) (D 0,350,350)
 0 1 15 31 1011 4 (D 0,350,350) (S 256,256,256) (S 258,258,258) (D 0,350,350)
 0 1 16 238 997 8 (D 0,350,350) (S 805,828,382) (S 806,382,18) (S 487,520,449) (S 430,60,451) (S 61,61,61) (S 264,264,264) (D 0,350,350)
 0 1 17 664 960 5 (D 0,350,350) (S 47,47,47) (S 291,291,291) (S 292,292,292) (D 0,350,350)
 0 1 18 1240 2142 26 (D 0,350,350) (S 184,184,184) (S 820,529,839) (S 139,139,139) (S 138,138,138) (S 669,695,696) (S 279,279,279) (S 281,281,281) (S 532,575,576) (S 826,843,278) (S 278,278,278) (S 685,712,713) (S 185,185,185) (S 318,318,318) (S 447,471,11) (S 448,11,472) (S 11,11,11) (S 10,10,10) (S 31,31,31) (S 25,25,25) (S 533,577,578) (S 343,343,343) (S 86,86,86) (S 280,280,280) (S 173,173,173) (D 0,350,350)
 0 1 19 503 1378 17 (D 0,350,350) (S 333,333,333) (S 374,386,14) (S 14,14,14) (S 734,15,768) (S 15,15,15) (S 375,387,16) (S 16,16,16) (S 17,17,17) (S 439,17,461) (S 440,461,69) (S 69,69,69) (S 441,69,462) (S 105,105,105) (S 301,301,301) (S 688,715,683) (D 0,350,350)
 0 1 20 101 2119 6 (D 0,350,350) (S 90,90,90) (S 2,2,2) (S 189,189,189) (S 320,320,320) (D 0,350,350)
 0 1 21 784 3102 25 (D 0,350,350) (S 130,130,130) (S 125,125,125) (S 548,125,126) (S 126,126,126) (S 127,127,127) (S 662,400,689) (S 389,400,401) (S 546,590,73) (S 75,75,75) (S 518,76,83) (S 766,111,800) (S 767,800,199) (S 199,199,199) (S 36,36,36) (S 327,327,327) (S 37,37,37) (S 38,38,38) (S 733,766,767) (S 221,221,221) (S 326,326,326) (S 82,82,82) (S 456,477,478) (S 407,423,424) (D 0,350,350)
 0 1 22 115 1441 4 (D 0,350,350) (S 334,334,334) (S 335,335,335) (D 0,350,350)
 0 1 23 576 1541 13 (D 0,350,350) (S 116,116,116) (S 131,131,131) (S 586,130,627) (S 587,627,616) (S 574,616,617) (S 655,682,424) (S 172,172,172) (S 4,4,4) (S 352,4,5) (S 5,5,5) (S 779,808,172) (D 0,350,350)
 0 1 24 847 2336 15 (D 0,350,350) (S 787,814,685) (S 271,271,271) (S 788,815,816) (S 544,588,589) (S 545,589,124) (S 626,124,557) (S 517,557,76) (S 42,42,42) (S 200,200,200) (S 354,200,357) (S 355,357,358) (S 356,358,359) (S 111,111,111) (D 0,350,350)
 0 1 25 88 250 6 (D 0,350,350) (S 802,394,636) (S 341,341,341) (S 6,6,6) (S 357,6,360) (D 0,350,350)
 0 1 26 1406 3198 14 (D 0,350,350) (S 361,366,367) (S 362,367,368) (S 276,276,276) (S 174,174,174) (S 396,174,410) (S 471,494,495) (S 470,94,493) (S 94,94,94) (S 707,738,739) (S 122,122,122) (S 342,342,342) (S 275,275,275) (D 0,350,350)
 0 1 27 196 706 7 (D 0,350,350) (S 652,678,679) (S 653,679,680) (S 13,13,13) (S 365,373,374) (S 366,374,375) (D 0,350,350)
 0 1 28 136 947 5 (D 0,350,350) (S 153,153,153) (S 368,377,378) (S 222,222,222) (D 0,350,350)
 0 1 29 53 436 4 (D 0,350,350) (S 371,382,383) (S 372,383,384) (D 0,350,350)
 0 1 30 568 2089 13 (D 0,350,350) (S 622,7,655) (S 353,5,356) (S 768,200,661) (S 769,661,801) (S 1,1,1) (S 770,1,348) (S 141,141,141) (S 201,201,201) (S 22,22,22) (S 378,22,388) (S 605,22,645) (D 0,350,350)
 0 1 31 135 1214 7 (D 0,350,350) (S 513,551,552) (S 380,390,23) (S 23,23,23) (S 639,314,551) (S 640,551,166) (D 0,350,350)
 0 1 32 171 445 6 (D 0,350,350) (S 29,29,29) (S 383,29,392) (S 384,393,394) (S 571,614,615) (D 0,350,350)
 0 1 33 140 1101 9 (D 0,350,350) (S 228,228,228) (S 229,229,229) (S 679,107,600) (S 557,600,372) (S 385,395,396) (S 30,30,30) (S 445,468,469) (D 0,350,350)
 0 1 34 83 545 5 (D 0,350,350) (S 620,654,34) (S 34,34,34) (S 390,34,402) (D 0,350,350)
 0 1 35 402 514 5 (D 0,350,350) (S 288,288,288) (S 35,35,35) (S 391,403,404) (D 0,350,350)
 0 1 36 438 3050 15 (D 0,350,350) (S 638,668,669) (S 197,197,197) (S 196,196,196) (S 195,195,195) (S 266,266,266) (S 759,267,160) (S 161,161,161) (S 162,162,162) (S 397,411,412) (S 635,666,524) (S 636,524,667) (S 637,667,416) (S 709,740,129) (D 0,350,350)
 0 1 37 310 2775 11 (D 0,350,350) (S 295,295,295) (S 164,164,164) (S 163,163,163) (S 400,416,417) (S 401,417,418) (S 402,418,419) (S 403,419,420) (S 44,44,44) (S 59,59,59) (D 0,350,350)
 0 1 38 197 2649 9 (D 0,350,350) (S 268,268,268) (S 45,45,45) (S 404,44,421) (S 550,421,446) (S 405,421,46) (S 46,46,46) (S 128,128,128) (D 0,350,350)
 0 1 39 756 2300 10 (D 0,350,350) (S 658,675,685) (S 577,468,340) (S 524,563,564) (S 603,564,307) (S 307,307,307) (S 411,307,430) (S 776,563,807) (S 777,340,469) (D 0,350,350)
 0 1 40 94 748 5 (D 0,350,350) (S 412,33,315) (S 315,315,315) (S 704,229,632) (D 0,350,350)
 0 1 41 167 1377 9 (D 0,350,350) (S 348,348,349) (S 632,349,490) (S 467,490,54) (S 54,54,54) (S 91,91,91) (S 413,431,50) (S 50,50,50) (D 0,350,350)
 0 1 42 374 1494 8 (D 0,350,350) (S 446,469,470) (S 491,470,434) (S 415,434,53) (S 53,53,53) (S 416,53,435) (S 490,435,470) (D 0,350,350)
 0 1 43 189 1388 6 (D 0,350,350) (S 55,55,55) (S 417,55,436) (S 56,56,56) (S 418,56,437) (D 0,350,350)
 0 1 44 256 1610 5 (D 0,350,350) (S 468,431,437) (S 419,437,51) (S 51,51,51) (D 0,350,350)
 0 1 45 354 1510 10 (D 0,350,350) (S 420,438,439) (S 421,439,294) (S 294,294,294) (S 57,57,57) (S 422,57,440) (S 43,43,43) (S 582,347,346) (S 346,346,346) (D 0,350,350)
 0 1 46 125 1328 5 (D 0,350,350) (S 427,447,312) (S 312,312,312) (S 309,309,309) (D 0,350,350)
 0 1 47 189 862 8 (D 0,350,350) (S 666,692,676) (S 667,676,693) (S 428,448,449) (S 60,60,60) (S 263,263,263) (S 429,450,60) (D 0,350,350)
 0 1 48 81 1855 5 (D 0,350,350) (S 472,496,497) (S 437,67,68) (S 68,68,68) (D 0,350,350)
 0 1 49 28 1701 4 (D 0,350,350) (S 438,460,321) (S 321,321,321) (D 0,350,350)
 0 1 50 1277 1807 7 (D 0,350,350) (S 284,284,284) (S 827,844,845) (S 282,282,282) (S 344,344,344) (S 444,344,467) (D 0,350,350)
 0 1 51 146 1960 4 (D 0,350,350) (S 71,71,71) (S 449,473,72) (D 0,350,350)
 0 1 52 172 2066 6 (D 0,350,350) (S 565,606,607) (S 72,72,72) (S 450,72,454) (S 433,454,455) (D 0,350,350)
 0 1 53 1974 2688 9 (D 0,350,350) (S 392,404,405) (S 393,405,406) (S 302,302,302) (S 394,407,408) (S 654,681,126) (S 451,400,73) (S 73,73,73) (D 0,350,350)
 0 1 54 329 1291 5 (D 0,350,350) (S 452,76,413) (S 398,413,414) (S 399,414,415) (D 0,350,350)
 0 1 55 206 2551 8 (D 0,350,350) (S 702,732,733) (S 77,77,77) (S 78,78,78) (S 570,79,613) (S 79,79,79) (S 453,79,474) (D 0,350,350)
 0 1 56 895 2812 7 (D 0,350,350) (S 810,174,831) (S 710,598,741) (S 454,475,81) (S 81,81,81) (S 455,81,476) (D 0,350,350)
 0 1 57 526 1949 13 (D 0,350,350) (S 694,720,721) (S 581,593,542) (S 504,542,543) (S 505,543,43) (S 549,593,43) (S 575,543,439) (S 58,58,58) (S 460,484,57) (S 461,57,296) (S 296,296,296) (S 347,347,347) (D 0,350,350)
 0 1 58 284 1729 5 (D 0,350,350) (S 395,37,409) (S 464,409,89) (S 89,89,89) (D 0,350,350)
 0 1 59 569 2341 6 (D 0,350,350) (S 465,488,297) (S 297,297,297) (S 705,409,735) (S 463,37,487) (D 0,350,350)
 0 1 60 351 1714 8 (D 0,350,350) (S 351,354,355) (S 423,441,442) (S 469,491,492) (S 774,805,806) (S 473,498,499) (S 775,498,563) (D 0,350,350)
 0 1 61 403 2050 5 (D 0,350,350) (S 731,764,500) (S 474,500,501) (S 475,502,501) (D 0,350,350)
 0 1 62 187 1391 6 (D 0,350,350) (S 96,96,96) (S 97,97,97) (S 408,425,426) (S 476,425,503) (D 0,350,350)
 0 1 63 395 1860 10 (D 0,350,350) (S 525,564,565) (S 409,427,48) (S 48,48,48) (S 49,49,49) (S 482,511,512) (S 233,233,233) (S 140,140,140) (S 576,618,141) (D 0,350,350)
 0 1 64 231 884 6 (D 0,350,350) (S 506,80,544) (S 298,298,298) (S 486,298,519) (S 80,80,80) (D 0,350,350)
 0 1 65 109 1061 5 (D 0,350,350) (S 629,522,660) (S 299,299,299) (S 489,522,523) (D 0,350,350)
 0 1 66 238 2601 8 (D 0,350,350) (S 492,524,525) (S 101,101,101) (S 493,526,527) (S 760,796,797) (S 239,239,239) (S 192,192,192) (D 0,350,350)
 0 1 67 1803 3314 6 (D 0,350,350) (S 771,201,645) (S 103,103,103) (S 500,537,535) (S 300,300,300) (D 0,350,350)
 0 1 68 325 1225 6 (D 0,350,350) (S 649,169,104) (S 650,104,677) (S 104,104,104) (S 503,104,541) (D 0,350,350)
 0 1 69 102 702 4 (D 0,350,350) (S 319,319,319) (S 507,545,105) (D 0,350,350)
 0 1 70 115 798 5 (D 0,350,350) (S 508,105,546) (S 509,546,547) (S 510,547,548) (D 0,350,350)
 0 1 71 631 1627 15 (D 0,350,350) (S 821,173,840) (S 822,86,841) (S 823,343,842) (S 824,842,697) (S 825,697,577) (S 386,31,397) (S 687,397,714) (S 512,289,550) (S 289,289,289) (S 511,549,289) (S 812,549,471) (S 686,713,10) (S 483,513,514) (D 0,350,350)
 0 1 72 139 825 5 (D 0,350,350) (S 106,106,106) (S 516,556,557) (S 124,124,124) (D 0,350,350)
 0 1 73 1883 3524 5 (D 0,350,350) (S 502,539,540) (S 329,329,329) (S 269,269,269) (D 0,350,350)
 0 1 74 1641 3907 11 (D 0,350,350) (S 322,322,322) (S 497,533,534) (S 498,535,308) (S 308,308,308) (S 118,118,118) (S 527,118,567) (S 528,568,569) (S 529,568,570) (S 303,303,303) (D 0,350,350)
 0 1 75 207 816 7 (D 0,350,350) (S 670,697,673) (S 515,555,108) (S 693,168,108) (S 108,108,108) (S 168,168,168) (D 0,350,350)
 0 1 76 80 734 4 (D 0,350,350) (S 381,25,391) (S 534,391,579) (D 0,350,350)
 0 1 77 529 1716 10 (D 0,350,350) (S 614,153,651) (S 369,378,379) (S 535,379,580) (S 536,121,581) (S 121,121,121) (S 120,120,120) (S 537,580,582) (S 370,380,381) (D 0,350,350)
 0 1 78 95 2081 4 (D 0,350,350) (S 538,583,584) (S 179,179,179) (D 0,350,350)
 0 1 79 121 2186 4 (D 0,350,350) (S 458,481,482) (S 304,304,304) (D 0,350,350)
 0 1 80 180 2252 6 (D 0,350,350) (S 466,481,489) (S 542,489,123) (S 123,123,123) (S 543,123,26) (D 0,350,350)
 0 1 81 208 943 4 (D 0,350,350) (S 547,591,592) (S 310,310,310) (D 0,350,350)
 0 1 82 304 2910 8 (D 0,350,350) (S 424,417,443) (S 425,443,444) (S 426,445,446) (S 551,446,46) (S 552,594,128) (S 191,191,191) (D 0,350,350)
 0 1 83 487 854 6 (D 0,350,350) (S 553,131,595) (S 305,305,305) (S 596,595,561) (S 523,561,562) (D 0,350,350)
 0 1 84 1959 3730 6 (D 0,350,350) (S 485,517,518) (S 627,658,597) (S 555,597,598) (S 556,598,599) (D 0,350,350)
 0 1 85 211 2546 7 (D 0,350,350) (S 136,136,136) (S 566,136,41) (S 41,41,41) (S 40,40,40) (S 701,731,411) (D 0,350,350)
 0 1 86 601 1045 8 (D 0,350,350) (S 683,184,146) (S 146,146,146) (S 668,694,138) (S 142,142,142) (S 578,142,619) (S 573,138,139) (D 0,350,350)
 0 1 87 53 963 4 (D 0,350,350) (S 583,438,623) (S 584,623,624) (D 0,350,350)
 0 1 88 512 900 8 (D 0,350,350) (S 145,145,145) (S 589,145,408) (S 623,131,116) (S 522,116,561) (S 597,635,636) (S 598,636,637) (D 0,350,350)
 0 1 89 135 563 5 (D 0,350,350) (S 350,352,353) (S 594,352,633) (S 443,465,466) (D 0,350,350)
 0 1 90 567 1967 8 (D 0,350,350) (S 155,155,155) (S 337,337,337) (S 749,573,147) (S 147,147,147) (S 595,147,634) (S 531,573,574) (D 0,350,350)
 0 1 91 148 586 6 (D 0,350,350) (S 606,601,646) (S 149,149,149) (S 607,149,150) (S 150,150,150) (D 0,350,350)
 0 1 92 196 881 5 (D 0,350,350) (S 609,603,648) (S 610,648,151) (S 151,151,151) (D 0,350,350)
 0 1 93 263 1215 7 (D 0,350,350) (S 673,313,653) (S 611,151,649) (S 612,649,152) (S 152,152,152) (S 613,152,650) (D 0,350,350)
 0 1 94 176 1038 4 (D 0,350,350) (S 615,651,376) (S 367,376,377) (D 0,350,350)
 0 1 95 436 1861 6 (D 0,350,350) (S 616,376,623) (S 617,623,484) (S 618,484,652) (S 293,293,293) (D 0,350,350)
 0 1 96 119 596 4 (D 0,350,350) (S 621,34,7) (S 7,7,7) (D 0,350,350)
 0 1 97 114 578 5 (D 0,350,350) (S 804,827,656) (S 624,656,87) (S 87,87,87) (D 0,350,350)
 0 1 98 196 1441 4 (D 0,350,350) (S 630,661,662) (S 631,663,349) (D 0,350,350)
 0 1 99 209 1644 5 (D 0,350,350) (S 633,309,159) (S 159,159,159) (S 634,664,665) (D 0,350,350)
 0 1 100 137 1091 6 (D 0,350,350) (S 642,167,671) (S 287,287,287) (S 167,167,167) (S 641,670,167) (D 0,350,350)
 0 1 101 195 800 4 (D 0,350,350) (S 643,672,673) (S 644,673,578) (D 0,350,350)
 0 1 102 28 609 4 (D 0,350,350) (S 647,676,483) (S 459,483,88) (D 0,350,350)
 0 1 103 46 515 4 (D 0,350,350) (S 648,483,169) (S 169,169,169) (D 0,350,350)
 0 1 104 187 1107 8 (D 0,350,350) (S 619,648,653) (S 674,700,182) (S 717,182,747) (S 182,182,182) (S 651,677,170) (S 170,170,170) (D 0,350,350)
 0 1 105 113 649 4 (D 0,350,350) (S 656,683,684) (S 657,684,655) (D 0,350,350)
 0 1 106 14 386 4 (D 0,350,350) (S 661,173,558) (S 519,558,559) (D 0,350,350)
 0 1 107 207 1514 5 (D 0,350,350) (S 675,701,702) (S 379,389,390) (S 663,390,504) (D 0,350,350)
 0 1 108 623 1699 8 (D 0,350,350) (S 345,345,345) (S 829,848,849) (S 790,190,234) (S 484,515,516) (S 664,690,691) (S 175,175,175) (D 0,350,350)
 0 1 109 366 2118 7 (D 0,350,350) (S 481,510,511) (S 665,511,49) (S 410,428,429) (S 98,98,98) (S 70,70,70) (D 0,350,350)
 0 1 110 465 2409 8 (D 0,350,350) (S 716,180,746) (S 180,180,180) (S 671,180,698) (S 672,698,699) (S 52,52,52) (S 414,432,433) (D 0,350,350)
 0 1 111 188 1349 6 (D 0,350,350) (S 317,317,317) (S 719,317,255) (S 255,255,255) (S 677,255,704) (D 0,350,350)
 0 1 112 1837 2882 9 (D 0,350,350) (S 703,734,369) (S 363,369,370) (S 325,325,325) (S 364,371,372) (S 680,600,707) (S 107,107,107) (S 738,290,773) (D 0,350,350)
 0 1 113 41 780 4 (D 0,350,350) (S 183,183,183) (S 681,183,708) (D 0,350,350)
 0 1 114 43 1476 6 (D 0,350,350) (S 690,718,716) (S 260,260,260) (S 691,260,719) (S 188,188,188) (D 0,350,350)
 0 1 115 535 2725 7 (D 0,350,350) (S 39,39,39) (S 696,364,722) (S 695,722,723) (S 360,364,365) (S 732,765,365) (D 0,350,350)
 0 1 116 108 794 6 (D 0,350,350) (S 807,448,521) (S 808,541,829) (S 214,214,214) (S 699,214,728) (D 0,350,350)
 0 1 117 240 2039 7 (D 0,350,350) (S 331,331,331) (S 248,248,248) (S 249,249,249) (S 711,249,742) (S 250,250,250) (D 0,350,350)
 0 1 118 410 3228 6 (D 0,350,350) (S 567,41,608) (S 137,137,137) (S 568,609,610) (S 712,609,743) (D 0,350,350)
 0 1 119 54 1146 6 (D 0,350,350) (S 144,144,144) (S 251,251,251) (S 252,252,252) (S 714,252,744) (D 0,350,350)
 0 1 120 63 1456 4 (D 0,350,350) (S 715,745,253) (S 253,253,253) (D 0,350,350)
 0 1 121 113 650 5 (D 0,350,350) (S 678,705,706) (S 313,313,313) (S 608,647,603) (D 0,350,350)
 0 1 122 170 1248 5 (D 0,350,350) (S 676,504,703) (S 718,703,254) (S 254,254,254) (D 0,350,350)
 0 1 123 122 2092 6 (D 0,350,350) (S 84,84,84) (S 720,748,749) (S 259,259,259) (S 721,749,750) (D 0,350,350)
 0 1 124 108 2056 4 (D 0,350,350) (S 722,751,752) (S 723,752,753) (D 0,350,350)
 0 1 125 49 1544 5 (D 0,350,350) (S 689,716,717) (S 724,719,754) (S 692,719,717) (D 0,350,350)
 0 1 126 583 3009 7 (D 0,350,350) (S 85,85,85) (S 727,759,757) (S 726,757,758) (S 729,762,763) (S 755,792,793) (D 0,350,350)
 0 1 127 469 2930 9 (D 0,350,350) (S 730,763,261) (S 261,261,261) (S 728,760,761) (S 725,755,756) (S 739,774,220) (S 220,220,220) (S 740,775,776) (D 0,350,350)
 0 1 128 256 1476 5 (D 0,350,350) (S 796,822,770) (S 262,262,262) (S 735,769,770) (D 0,350,350)
 0 1 129 48 379 4 (D 0,350,350) (S 736,627,628) (S 588,628,145) (D 0,350,350)
 0 1 130 602 2720 6 (D 0,350,350) (S 604,643,644) (S 99,99,99) (S 737,771,772) (S 499,536,537) (D 0,350,350)
 0 1 131 33 1184 4 (D 0,350,350) (S 741,724,710) (S 684,710,711) (D 0,350,350)
 0 1 132 154 1661 7 (D 0,350,350) (S 697,724,725) (S 246,246,246) (S 247,247,247) (S 742,247,777) (S 743,778,779) (D 0,350,350)
 0 1 133 58 1861 4 (D 0,350,350) (S 311,311,311) (S 753,788,789) (D 0,350,350)
 0 1 134 68 2246 4 (D 0,350,350) (S 600,77,639) (S 765,639,59) (D 0,350,350)
 0 1 135 177 1065 6 (D 0,350,350) (S 791,690,817) (S 530,571,572) (S 792,571,216) (S 216,216,216) (D 0,350,350)
 0 1 136 51 1104 5 (D 0,350,350) (S 793,216,9) (S 9,9,9) (S 272,272,272) (D 0,350,350)
 0 1 137 317 1454 5 (D 0,350,350) (S 554,132,596) (S 809,830,122) (S 539,122,114) (D 0,350,350)
 0 1 138 1616 2928 4 (D 0,350,350) (S 811,832,659) (S 628,597,659) (D 0,350,350)
 0 1 139 1935 2881 4 (D 0,350,350) (S 328,328,328) (S 828,846,847) (D 0,350,350)
 0 1 140 1892 3918 7 (D 0,350,350) (S 501,538,539) (S 832,853,854) (S 285,285,285) (S 773,803,804) (S 270,270,270) (D 0,350,350)
 0 1 141 1140 2915 6 (D 0,350,350) (S 772,322,802) (S 831,851,852) (S 833,855,286) (S 286,286,286) (D 0,350,350)
