442
7
240
240
 0 1 1 5 83 6 (D 0,1,1) (S 1,2,2) (S 21,9,11) (S 11,9,10) (S 7,10,10) (D 0,1,1)
 0 1 2 5 69 5 (D 0,1,1) (S 3,5,5) (S 2,3,3) (S 12,3,13) (D 0,1,1)
 0 1 3 3 17 5 (D 0,1,1) (S 20,1,12) (S 4,6,6) (S 14,6,12) (D 0,1,1)
 0 1 4 2 48 4 (D 0,1,1) (S 8,1,4) (S 16,4,13) (D 0,1,1)
 0 1 5 4 42 5 (D 0,1,1) (S 5,7,7) (S 17,7,8) (S 6,8,8) (D 0,1,1)
 0 1 6 4 105 6 (D 0,1,1) (S 9,5,11) (S 18,8,10) (S 10,10,11) (S 15,2,4) (D 0,1,1)
 0 1 7 3 78 5 (D 0,1,1) (S 19,12,13) (S 22,2,3) (S 13,3,5) (D 0,1,1)
