239
9
234
234
 0 1 1 18 29 5 (D 0,1,1) (S 12,1,3) (S 2,3,3) (S 18,3,7) (D 0,1,1)
 0 1 2 15 31 7 (D 0,1,1) (S 14,3,8) (S 6,8,8) (S 3,4,4) (S 10,4,7) (S 8,7,8) (D 0,1,1)
 0 1 3 24 38 6 (D 0,1,1) (S 4,5,5) (S 13,5,6) (S 5,6,6) (S 11,4,8) (D 0,1,1)
 0 1 4 19 31 4 (D 0,1,1) (S 1,2,2) (S 15,2,7) (D 0,1,1)
 0 1 5 9 26 4 (D 0,1,1) (S 20,4,5) (S 9,5,8) (D 0,1,1)
 0 1 6 12 25 4 (D 0,1,1) (S 21,1,6) (S 17,2,8) (D 0,1,1)
 0 1 7 2 6 3 (D 0,1,1) (S 22,1,7) (D 0,1,1)
 0 1 8 2 18 4 (D 0,1,1) (S 23,2,6) (S 16,2,4) (D 0,1,1)
 0 1 9 15 35 5 (D 0,1,1) (S 19,3,4) (S 7,4,6) (S 24,6,7) (D 0,1,1)
