377
8
503
503
 0 1 1 7 71 7 (D 0,1,1) (S 24,1,8) (S 2,3,3) (S 11,3,8) (S 15,8,12) (S 6,8,8) (D 0,1,1)
 0 1 2 7 56 6 (D 0,1,1) (S 23,2,5) (S 4,5,5) (S 12,5,6) (S 5,6,6) (D 0,1,1)
 0 1 3 3 34 5 (D 0,1,1) (S 20,7,2) (S 1,2,2) (S 13,2,1) (D 0,1,1)
 0 1 4 7 32 5 (D 0,1,1) (S 7,9,9) (S 14,3,4) (S 3,4,4) (D 0,1,1)
 0 1 5 3 39 4 (D 0,1,1) (S 16,9,10) (S 8,10,10) (D 0,1,1)
 0 1 6 6 73 6 (D 0,1,1) (S 21,2,4) (S 10,4,11) (S 9,11,11) (S 19,11,12) (D 0,1,1)
 0 1 7 3 45 4 (D 0,1,1) (S 17,7,5) (S 18,7,4) (D 0,1,1)
 0 1 8 1 27 3 (D 0,1,1) (S 22,1,10) (D 0,1,1)
