225
8
192
192
 0 1 1 40 45 5 (D 0,1,1) (S 2,3,3) (S 8,3,5) (S 4,5,5) (D 0,1,1)
 0 1 2 15 17 4 (D 0,1,1) (S 9,1,4) (S 3,4,4) (D 0,1,1)
 0 1 3 20 28 5 (D 0,1,1) (S 13,2,4) (S 10,4,8) (S 7,8,8) (D 0,1,1)
 0 1 4 35 39 5 (D 0,1,1) (S 1,2,2) (S 11,2,6) (S 5,6,6) (D 0,1,1)
 0 1 5 29 47 7 (D 0,1,1) (S 16,2,3) (S 14,3,4) (S 15,4,7) (S 6,7,7) (S 18,7,8) (D 0,1,1)
 0 1 6 8 15 3 (D 0,1,1) (S 17,5,8) (D 0,1,1)
 0 1 7 7 12 3 (D 0,1,1) (S 19,3,7) (D 0,1,1)
 0 1 8 14 22 4 (D 0,1,1) (S 12,1,6) (S 20,6,8) (D 0,1,1)
