1540
16
28078
28078
 0 1 1 94 134 10 (D 0,1,1) (S 43,3,10) (S 29,10,16) (S 12,16,16) (S 11,15,15) (S 10,14,14) (S 8,12,12) (S 3,6,6) (S 75,6,1) (D 0,1,1)
 0 1 2 45 84 7 (D 0,1,1) (S 33,1,2) (S 1,2,2) (S 45,3,4) (S 2,4,4) (S 25,4,10) (D 0,1,1)
 0 1 3 57 129 10 (D 0,1,1) (S 13,17,17) (S 26,17,24) (S 19,24,24) (S 16,21,21) (S 46,20,14) (S 59,14,13) (S 9,13,13) (S 81,13,2) (D 0,1,1)
 0 1 4 66 131 12 (D 0,1,1) (S 74,1,6) (S 39,6,12) (S 24,19,25) (S 20,25,25) (S 62,25,29) (S 34,30,31) (S 23,31,31) (S 22,29,29) (S 58,29,18) (S 14,18,18) (D 0,1,1)
 0 1 5 48 96 7 (D 0,1,1) (S 40,18,19) (S 27,19,20) (S 15,20,20) (S 35,20,26) (S 21,26,26) (D 0,1,1)
 0 1 6 76 158 12 (D 0,1,1) (S 4,7,7) (S 32,7,13) (S 28,13,19) (S 56,25,26) (S 60,21,22) (S 17,22,22) (S 18,23,23) (S 30,23,28) (S 36,28,34) (S 57,22,15) (D 0,1,1)
 0 1 7 52 156 10 (D 0,1,1) (S 55,2,13) (S 65,14,8) (S 67,8,9) (S 63,15,22) (S 44,22,28) (S 31,28,33) (S 38,33,34) (S 69,24,11) (D 0,1,1)
 0 1 8 35 97 7 (D 0,1,1) (S 37,4,5) (S 42,5,11) (S 7,11,11) (S 51,11,17) (S 76,17,16) (D 0,1,1)
 0 1 9 15 50 5 (D 0,1,1) (S 50,2,8) (S 5,8,8) (S 77,8,14) (D 0,1,1)
 0 1 10 20 60 4 (D 0,1,1) (S 52,10,9) (S 6,9,9) (D 0,1,1)
 0 1 11 17 62 5 (D 0,1,1) (S 61,18,29) (S 49,29,25) (S 48,19,12) (D 0,1,1)
 0 1 12 16 72 4 (D 0,1,1) (S 54,16,23) (S 68,23,16) (D 0,1,1)
 0 1 13 6 47 4 (D 0,1,1) (S 53,3,9) (S 71,9,10) (D 0,1,1)
 0 1 14 12 62 4 (D 0,1,1) (S 64,10,11) (S 72,11,10) (D 0,1,1)
 0 1 15 37 112 7 (D 0,1,1) (S 66,21,27) (S 73,27,32) (S 41,32,33) (S 47,32,31) (S 78,31,26) (D 0,1,1)
 0 1 16 18 90 5 (D 0,1,1) (S 70,27,28) (S 79,28,27) (S 80,27,26) (D 0,1,1)
