1723
29
120265
120265
 0 1 1 115 150 21 (D 0,1,1) (S 2,6,6) (S 45,6,12) (S 7,12,12) (S 49,11,19) (S 11,19,19) (S 15,26,26) (S 38,26,34) (S 21,34,34) (S 32,34,35) (S 22,35,35) (S 23,36,36) (S 92,36,37) (S 24,37,37) (S 19,31,31) (S 13,23,23) (S 83,15,14) (S 124,14,13) (S 8,13,13) (S 93,13,12) (D 0,1,1)
 0 1 2 55 103 11 (D 0,1,1) (S 54,1,6) (S 90,13,7) (S 3,7,7) (S 122,7,8) (S 4,8,8) (S 5,9,9) (S 31,9,10) (S 103,10,4) (S 6,10,10) (D 0,1,1)
 0 1 3 55 108 15 (D 0,1,1) (S 111,13,14) (S 89,14,15) (S 125,15,16) (S 9,16,16) (S 14,24,24) (S 43,25,28) (S 17,28,28) (S 25,43,43) (S 35,43,50) (S 30,50,50) (S 69,50,45) (S 61,43,37) (S 88,37,31) (D 0,1,1)
 0 1 4 30 61 7 (D 0,1,1) (S 80,7,2) (S 1,2,2) (S 39,2,3) (S 34,3,9) (S 115,8,7) (D 0,1,1)
 0 1 5 21 44 6 (D 0,1,1) (S 63,20,19) (S 42,26,29) (S 18,29,29) (S 41,11,12) (D 0,1,1)
 0 1 6 18 53 4 (D 0,1,1) (S 48,24,32) (S 20,32,32) (D 0,1,1)
 0 1 7 20 43 4 (D 0,1,1) (S 52,14,22) (S 12,22,22) (D 0,1,1)
 0 1 8 37 81 8 (D 0,1,1) (S 37,20,30) (S 57,30,34) (S 55,33,46) (S 27,46,46) (S 97,40,34) (S 117,26,19) (D 0,1,1)
 0 1 9 13 31 4 (D 0,1,1) (S 33,20,21) (S 58,21,13) (D 0,1,1)
 0 1 10 56 141 14 (D 0,1,1) (S 71,5,11) (S 81,35,27) (S 70,27,35) (S 53,36,42) (S 94,42,44) (S 79,49,44) (S 26,44,44) (S 65,44,49) (S 29,49,49) (S 108,49,50) (S 110,43,38) (S 112,38,32) (D 0,1,1)
 0 1 11 31 58 4 (D 0,1,1) (S 66,21,27) (S 16,27,27) (D 0,1,1)
 0 1 12 11 43 4 (D 0,1,1) (S 47,29,33) (S 67,33,40) (D 0,1,1)
 0 1 13 13 43 5 (D 0,1,1) (S 72,16,9) (S 75,9,16) (S 60,16,15) (D 0,1,1)
 0 1 14 24 63 6 (D 0,1,1) (S 46,16,17) (S 76,17,25) (S 123,25,24) (S 73,24,16) (D 0,1,1)
 0 1 15 8 22 4 (D 0,1,1) (S 77,1,5) (S 64,5,1) (D 0,1,1)
 0 1 16 3 31 4 (D 0,1,1) (S 56,40,47) (S 78,47,40) (D 0,1,1)
 0 1 17 21 54 6 (D 0,1,1) (S 44,40,41) (S 40,41,48) (S 28,48,48) (S 113,41,35) (D 0,1,1)
 0 1 18 15 51 5 (D 0,1,1) (S 85,40,33) (S 36,33,39) (S 68,33,34) (D 0,1,1)
 0 1 19 15 36 4 (D 0,1,1) (S 91,11,5) (S 86,5,6) (D 0,1,1)
 0 1 20 24 80 7 (D 0,1,1) (S 62,21,22) (S 59,31,32) (S 95,28,38) (S 82,38,28) (S 102,24,23) (D 0,1,1)
 0 1 21 24 49 5 (D 0,1,1) (S 104,29,18) (S 10,18,18) (S 96,18,19) (D 0,1,1)
 0 1 22 11 43 4 (D 0,1,1) (S 99,5,18) (S 98,18,29) (D 0,1,1)
 0 1 23 23 82 6 (D 0,1,1) (S 50,15,23) (S 51,38,45) (S 100,45,50) (S 109,38,37) (D 0,1,1)
 0 1 24 7 19 4 (D 0,1,1) (S 101,12,20) (S 84,20,12) (D 0,1,1)
 0 1 25 20 64 5 (D 0,1,1) (S 87,15,9) (S 105,3,4) (S 74,4,10) (D 0,1,1)
 0 1 26 6 44 4 (D 0,1,1) (S 116,41,42) (S 107,42,41) (D 0,1,1)
 0 1 27 6 40 4 (D 0,1,1) (S 114,47,48) (S 119,48,47) (D 0,1,1)
 0 1 28 13 59 4 (D 0,1,1) (S 120,38,43) (S 118,43,42) (D 0,1,1)
 0 1 29 9 27 4 (D 0,1,1) (S 121,1,2) (S 106,2,7) (D 0,1,1)
