61575
43
687853
687853
 0 1 1 1263 1639 7 (D 0,1,1) (S 43,5,6) (S 1,6,6) (S 42,5,4) (S 40,3,2) (S 38,2,1) (D 0,1,1)
 0 1 2 614 734 4 (D 0,1,1) (S 5,10,10) (S 52,10,1) (D 0,1,1)
 0 1 3 1478 1909 7 (D 0,1,1) (S 3,8,8) (S 49,8,9) (S 4,9,9) (S 51,9,8) (S 46,7,6) (D 0,1,1)
 0 1 4 1259 1527 6 (D 0,1,1) (S 37,1,10) (S 53,10,11) (S 6,11,11) (S 55,11,10) (D 0,1,1)
 0 1 5 417 649 4 (D 0,1,1) (S 39,2,11) (S 54,11,2) (D 0,1,1)
 0 1 6 583 879 4 (D 0,1,1) (S 8,13,13) (S 57,13,4) (D 0,1,1)
 0 1 7 896 1326 6 (D 0,1,1) (S 63,15,16) (S 9,16,16) (S 64,16,7) (S 2,7,7) (D 0,1,1)
 0 1 8 583 902 5 (D 0,1,1) (S 41,4,13) (S 58,13,12) (S 7,12,12) (D 0,1,1)
 0 1 9 1259 1900 9 (D 0,1,1) (S 47,7,8) (S 50,8,17) (S 69,17,18) (S 72,18,25) (S 88,25,18) (S 70,18,17) (S 62,15,14) (D 0,1,1)
 0 1 10 962 1600 7 (D 0,1,1) (S 48,7,16) (S 84,24,25) (S 89,25,24) (S 81,24,16) (S 61,15,6) (D 0,1,1)
 0 1 11 603 905 5 (D 0,1,1) (S 91,26,27) (S 12,27,27) (S 90,26,10) (D 0,1,1)
 0 1 12 1250 1590 6 (D 0,1,1) (S 56,12,19) (S 10,19,19) (S 73,19,28) (S 13,28,28) (D 0,1,1)
 0 1 13 804 1164 5 (D 0,1,1) (S 75,20,29) (S 14,29,29) (S 99,29,20) (D 0,1,1)
 0 1 14 1372 1826 7 (D 0,1,1) (S 74,20,21) (S 78,21,30) (S 15,30,30) (S 102,30,21) (S 76,21,14) (D 0,1,1)
 0 1 15 172 660 5 (D 0,1,1) (S 59,13,14) (S 65,16,17) (S 67,17,8) (D 0,1,1)
 0 1 16 260 518 4 (D 0,1,1) (S 92,26,35) (S 110,35,26) (D 0,1,1)
 0 1 17 1563 1962 8 (D 0,1,1) (S 95,27,37) (S 17,37,37) (S 118,37,36) (S 16,36,36) (S 113,36,27) (S 93,27,11) (D 0,1,1)
 0 1 18 399 701 4 (D 0,1,1) (S 111,35,36) (S 114,36,35) (D 0,1,1)
 0 1 19 523 841 4 (D 0,1,1) (S 115,36,37) (S 117,37,27) (D 0,1,1)
 0 1 20 1565 2064 8 (D 0,1,1) (S 94,27,28) (S 97,28,38) (S 119,38,39) (S 18,39,39) (S 121,39,29) (S 100,29,28) (D 0,1,1)
 0 1 21 1434 2002 9 (D 0,1,1) (S 98,28,39) (S 123,39,48) (S 22,48,48) (S 140,48,47) (S 137,47,46) (S 21,46,46) (S 116,36,44) (D 0,1,1)
 0 1 22 1189 1837 9 (D 0,1,1) (S 44,5,14) (S 60,14,21) (S 77,21,22) (S 79,22,31) (S 126,41,42) (S 19,42,42) (S 105,33,32) (D 0,1,1)
 0 1 23 1378 2010 8 (D 0,1,1) (S 86,24,33) (S 106,33,34) (S 109,34,43) (S 20,43,43) (S 128,42,41) (S 125,41,32) (D 0,1,1)
 0 1 24 410 692 4 (D 0,1,1) (S 112,35,44) (S 131,44,35) (D 0,1,1)
 0 1 25 602 985 5 (D 0,1,1) (S 132,44,45) (S 133,45,46) (S 134,46,45) (D 0,1,1)
 0 1 26 774 1207 4 (D 0,1,1) (S 23,49,49) (S 143,49,39) (D 0,1,1)
 0 1 27 1203 1729 6 (D 0,1,1) (S 122,39,40) (S 145,49,50) (S 24,50,50) (S 146,50,49) (D 0,1,1)
 0 1 28 1093 1715 8 (D 0,1,1) (S 96,28,29) (S 101,29,30) (S 103,30,51) (S 25,51,51) (S 148,51,41) (S 104,31,30) (D 0,1,1)
 0 1 29 1571 2332 11 (D 0,1,1) (S 45,6,15) (S 66,16,23) (S 11,23,23) (S 80,23,32) (S 149,51,52) (S 151,52,42) (S 127,42,33) (S 82,24,17) (S 68,17,16) (D 0,1,1)
 0 1 30 1487 2195 7 (D 0,1,1) (S 87,24,34) (S 130,43,53) (S 154,53,43) (S 107,34,24) (S 85,24,32) (D 0,1,1)
 0 1 31 936 1505 7 (D 0,1,1) (S 124,39,49) (S 157,54,64) (S 34,64,64) (S 175,64,54) (S 144,49,40) (D 0,1,1)
 0 1 32 1283 1899 8 (D 0,1,1) (S 120,38,47) (S 138,47,48) (S 141,48,49) (S 147,50,55) (S 158,55,54) (S 155,54,49) (D 0,1,1)
 0 1 33 1537 2260 9 (D 0,1,1) (S 135,46,61) (S 31,61,61) (S 171,61,62) (S 156,54,55) (S 159,55,56) (S 26,56,56) (S 161,56,51) (D 0,1,1)
 0 1 34 1534 2273 11 (D 0,1,1) (S 27,57,57) (S 164,57,56) (S 163,56,66) (S 32,62,62) (S 172,62,61) (S 170,61,60) (S 30,60,60) (S 169,60,59) (S 29,59,59) (D 0,1,1)
 0 1 35 1460 2199 8 (D 0,1,1) (S 153,52,53) (S 28,58,58) (S 166,58,68) (S 36,68,68) (S 108,34,25) (S 71,18,24) (D 0,1,1)
 0 1 36 278 706 4 (D 0,1,1) (S 167,59,60) (S 168,60,45) (D 0,1,1)
 0 1 37 938 1451 5 (D 0,1,1) (S 173,62,63) (S 33,63,63) (S 139,48,39) (D 0,1,1)
 0 1 38 437 991 5 (D 0,1,1) (S 142,48,63) (S 174,63,62) (S 136,47,38) (D 0,1,1)
 0 1 39 527 1148 5 (D 0,1,1) (S 150,51,56) (S 181,66,65) (S 176,64,63) (D 0,1,1)
 0 1 40 810 1503 7 (D 0,1,1) (S 160,55,65) (S 179,65,66) (S 182,66,67) (S 183,67,57) (S 152,52,51) (D 0,1,1)
 0 1 41 390 950 4 (D 0,1,1) (S 177,64,65) (S 178,65,55) (D 0,1,1)
 0 1 42 736 1379 6 (D 0,1,1) (S 35,67,67) (S 184,67,66) (S 180,66,56) (S 162,56,55) (D 0,1,1)
 0 1 43 568 1311 6 (D 0,1,1) (S 185,67,68) (S 165,58,57) (S 129,42,43) (S 83,24,23) (D 0,1,1)
