358
10
2903
2903
 0 1 1 34 53 10 (D 0,1,1) (S 27,3,4) (S 37,4,3) (S 2,3,3) (S 5,9,9) (S 17,5,10) (S 6,10,10) (S 3,5,5) (S 1,2,2) (D 0,1,1)
 0 1 2 11 37 7 (D 0,1,1) (S 8,12,12) (S 9,13,13) (S 10,14,14) (S 4,7,7) (S 25,3,1) (D 0,1,1)
 0 1 3 11 24 6 (D 0,1,1) (S 33,9,19) (S 12,19,19) (S 19,19,20) (S 13,20,20) (D 0,1,1)
 0 1 4 17 34 6 (D 0,1,1) (S 14,21,21) (S 11,15,15) (S 35,15,11) (S 7,11,11) (D 0,1,1)
 0 1 5 7 24 4 (D 0,1,1) (S 20,23,24) (S 15,24,24) (D 0,1,1)
 0 1 6 18 61 7 (D 0,1,1) (S 23,5,6) (S 28,6,12) (S 32,13,14) (S 24,18,14) (S 26,18,17) (D 0,1,1)
 0 1 7 9 41 4 (D 0,1,1) (S 18,16,17) (S 30,17,13) (D 0,1,1)
 0 1 8 11 30 4 (D 0,1,1) (S 22,19,22) (S 31,22,23) (D 0,1,1)
 0 1 9 15 46 6 (D 0,1,1) (S 29,6,7) (S 16,7,8) (S 34,8,14) (S 36,14,8) (D 0,1,1)
 0 1 10 4 8 3 (D 0,1,1) (S 21,1,2) (D 0,1,1)
