243
11
156
156
 0 1 1 21 26 4 (D 0,1,1) (S 2,3,3) (S 6,3,8) (D 0,1,1)
 0 1 2 16 26 5 (D 0,1,1) (S 8,3,5) (S 4,5,5) (S 16,5,6) (D 0,1,1)
 0 1 3 19 25 5 (D 0,1,1) (S 20,1,4) (S 3,4,4) (S 9,4,7) (D 0,1,1)
 0 1 4 27 39 5 (D 0,1,1) (S 15,4,6) (S 5,6,6) (S 10,6,7) (D 0,1,1)
 0 1 5 8 10 3 (D 0,1,1) (S 11,1,8) (D 0,1,1)
 0 1 6 13 24 4 (D 0,1,1) (S 12,4,5) (S 13,5,8) (D 0,1,1)
 0 1 7 28 32 4 (D 0,1,1) (S 1,2,2) (S 14,2,6) (D 0,1,1)
 0 1 8 7 12 3 (D 0,1,1) (S 17,3,7) (D 0,1,1)
 0 1 9 7 11 3 (D 0,1,1) (S 18,2,7) (D 0,1,1)
 0 1 10 15 24 4 (D 0,1,1) (S 7,1,7) (S 19,7,8) (D 0,1,1)
 0 1 11 7 14 3 (D 0,1,1) (S 21,5,7) (D 0,1,1)
