292
7
781
781
 0 1 1 33 64 9 (D 0,1,1) (S 22,1,8) (S 24,5,8) (S 14,2,9) (S 5,6,6) (S 9,6,8) (S 7,8,8) (S 21,4,7) (D 0,1,1)
 0 1 2 33 47 5 (D 0,1,1) (S 11,1,3) (S 2,3,3) (S 10,3,4) (D 0,1,1)
 0 1 3 33 54 6 (D 0,1,1) (S 1,2,2) (S 12,2,8) (S 3,4,4) (S 18,2,6) (D 0,1,1)
 0 1 4 14 28 5 (D 0,1,1) (S 15,1,4) (S 13,4,9) (S 8,9,9) (D 0,1,1)
 0 1 5 24 52 6 (D 0,1,1) (S 20,5,9) (S 25,6,7) (S 6,7,7) (S 16,7,9) (D 0,1,1)
 0 1 6 5 19 4 (D 0,1,1) (S 4,5,5) (S 17,5,7) (D 0,1,1)
 0 1 7 11 28 4 (D 0,1,1) (S 19,2,3) (S 23,3,9) (D 0,1,1)
