709
8
420
420
 0 1 1 36 89 5 (D 0,1,1) (S 4,5,5) (S 8,5,7) (S 6,7,7) (D 0,1,1)
 0 1 2 37 121 5 (D 0,1,1) (S 9,7,9) (S 7,9,9) (S 19,4,1) (D 0,1,1)
 0 1 3 31 59 6 (D 0,1,1) (S 16,2,3) (S 17,3,6) (S 5,6,6) (S 11,6,7) (D 0,1,1)
 0 1 4 29 103 5 (D 0,1,1) (S 10,7,8) (S 12,8,9) (S 15,2,1) (D 0,1,1)
 0 1 5 31 59 5 (D 0,1,1) (S 3,4,4) (S 1,2,2) (S 14,2,5) (D 0,1,1)
 0 1 6 32 75 6 (D 0,1,1) (S 18,4,5) (S 13,5,6) (S 2,3,3) (S 22,3,7) (D 0,1,1)
 0 1 7 20 152 4 (D 0,1,1) (S 20,1,8) (S 23,8,10) (D 0,1,1)
 0 1 8 29 51 4 (D 0,1,1) (S 21,1,7) (S 24,3,1) (D 0,1,1)
