51126
28
31181
31181
 0 1 1 1430 2100 6 (D 0,22,22) (S 6,3,10) (S 1,1,2) (S 3,2,3) (S 5,3,4) (D 0,22,22)
 0 1 2 1398 1804 5 (D 0,22,22) (S 7,4,5) (S 9,5,6) (S 12,6,13) (D 0,22,22)
 0 1 3 1539 2070 6 (D 0,22,22) (S 10,5,12) (S 23,12,13) (S 11,6,7) (S 13,7,14) (D 0,22,22)
 0 1 4 1088 1644 6 (D 0,22,22) (S 2,1,8) (S 14,8,9) (S 20,10,16) (S 31,16,21) (D 0,22,22)
 0 1 5 1365 1886 6 (D 0,22,22) (S 4,2,9) (S 16,9,10) (S 18,10,11) (S 21,11,12) (D 0,22,22)
 0 1 6 1560 1979 5 (D 0,22,22) (S 26,13,23) (S 25,13,14) (S 27,14,24) (D 0,22,22)
 0 1 7 1349 1623 5 (D 0,22,22) (S 19,10,15) (S 28,15,16) (S 30,16,17) (D 0,22,22)
 0 1 8 1516 1747 5 (D 0,22,22) (S 22,11,17) (S 32,17,21) (S 40,21,22) (D 0,22,22)
 0 1 9 1357 1932 5 (D 0,22,22) (S 8,4,11) (S 15,8,18) (S 33,18,19) (D 0,22,22)
 0 1 10 1345 1714 5 (D 0,22,22) (S 29,15,20) (S 37,20,21) (S 24,12,22) (D 0,22,22)
 0 1 11 1537 2011 5 (D 0,22,22) (S 34,18,25) (S 47,25,26) (S 49,26,27) (D 0,22,22)
 0 1 12 1176 1518 5 (D 0,22,22) (S 38,20,28) (S 53,28,29) (S 55,29,30) (D 0,22,22)
 0 1 13 1260 1680 5 (D 0,22,22) (S 41,21,29) (S 52,27,36) (S 70,36,37) (D 0,22,22)
 0 1 14 1117 1470 4 (D 0,22,22) (S 43,22,30) (S 54,28,37) (D 0,22,22)
 0 1 15 1548 2127 6 (D 0,22,22) (S 46,24,32) (S 62,32,40) (S 78,40,51) (S 91,51,52) (D 0,22,22)
 0 1 16 1373 1893 6 (D 0,22,22) (S 58,30,31) (S 60,31,32) (S 63,32,41) (S 79,41,52) (D 0,22,22)
 0 1 17 1470 2023 5 (D 0,22,22) (S 50,26,35) (S 65,33,42) (S 80,42,43) (D 0,22,22)
 0 1 18 1362 1906 5 (D 0,22,22) (S 83,43,46) (S 85,45,46) (S 86,46,47) (D 0,22,22)
 0 1 19 1565 2123 5 (D 0,22,22) (S 67,34,43) (S 81,42,45) (S 51,27,28) (D 0,22,22)
 0 1 20 1135 1509 4 (D 0,22,22) (S 35,19,20) (S 39,20,29) (D 0,22,22)
 0 1 21 1436 1957 6 (D 0,22,22) (S 56,29,37) (S 69,35,44) (S 82,43,44) (S 68,35,36) (D 0,22,22)
 0 1 22 1200 1815 6 (D 0,22,22) (S 17,9,19) (S 36,19,26) (S 48,25,33) (S 64,33,34) (D 0,22,22)
 0 1 23 1470 1901 5 (D 0,22,22) (S 57,29,38) (S 74,38,49) (S 73,38,39) (D 0,22,22)
 0 1 24 1545 2243 7 (D 0,22,22) (S 66,34,35) (S 84,44,47) (S 87,47,48) (S 71,37,38) (S 76,39,50) (D 0,22,22)
 0 1 25 1472 1882 5 (D 0,22,22) (S 59,30,39) (S 75,39,40) (S 77,40,41) (D 0,22,22)
 0 1 26 1534 2095 6 (D 0,22,22) (S 72,37,48) (S 88,48,49) (S 89,49,50) (S 90,50,51) (D 0,22,22)
 0 1 27 918 1229 4 (D 0,22,22) (S 45,23,31) (S 61,31,40) (D 0,22,22)
 0 1 28 1023 1245 4 (D 0,22,22) (S 42,22,23) (S 44,23,24) (D 0,22,22)
