171
8
206
206
 0 1 1 21 31 6 (D 0,1,1) (S 6,1,3) (S 2,3,3) (S 8,3,5) (S 14,5,7) (D 0,1,1)
 0 1 2 21 28 5 (D 0,1,1) (S 1,2,2) (S 7,2,3) (S 20,3,7) (D 0,1,1)
 0 1 3 26 36 6 (D 0,1,1) (S 13,2,6) (S 4,6,6) (S 10,6,7) (S 5,7,7) (D 0,1,1)
 0 1 4 9 15 4 (D 0,1,1) (S 3,4,4) (S 11,4,5) (D 0,1,1)
 0 1 5 11 18 4 (D 0,1,1) (S 9,1,5) (S 12,5,6) (D 0,1,1)
 0 1 6 7 13 3 (D 0,1,1) (S 16,4,7) (D 0,1,1)
 0 1 7 7 11 4 (D 0,1,1) (S 18,1,2) (S 17,2,5) (D 0,1,1)
 0 1 8 10 19 4 (D 0,1,1) (S 19,3,4) (S 15,4,6) (D 0,1,1)
