1197
21
23443
23443
 0 1 1 28 39 6 (D 0,1,1) (S 82,2,6) (S 3,6,6) (S 20,6,12) (S 7,12,12) (D 0,1,1)
 0 1 2 43 75 10 (D 0,1,1) (S 62,6,7) (S 4,7,7) (S 26,7,13) (S 27,13,19) (S 8,13,13) (S 78,13,12) (S 60,6,2) (S 74,2,1) (D 0,1,1)
 0 1 3 51 98 8 (D 0,1,1) (S 21,17,18) (S 10,18,18) (S 79,25,24) (S 13,24,24) (S 28,23,24) (S 46,21,22) (D 0,1,1)
 0 1 4 12 58 6 (D 0,1,1) (S 76,25,22) (S 69,22,25) (S 12,21,21) (S 31,21,24) (D 0,1,1)
 0 1 5 26 51 9 (D 0,1,1) (S 37,1,2) (S 51,2,3) (S 1,3,3) (S 35,3,37) (S 17,37,37) (S 19,37,38) (S 59,3,2) (D 0,1,1)
 0 1 6 24 57 7 (D 0,1,1) (S 55,3,4) (S 36,4,5) (S 2,5,5) (S 50,39,38) (S 73,4,3) (D 0,1,1)
 0 1 7 67 114 9 (D 0,1,1) (S 30,1,35) (S 56,35,34) (S 83,34,26) (S 47,26,34) (S 23,26,33) (S 38,33,34) (S 39,33,1) (D 0,1,1)
 0 1 8 27 40 5 (D 0,1,1) (S 33,1,8) (S 44,8,40) (S 18,40,40) (D 0,1,1)
 0 1 9 26 60 5 (D 0,1,1) (S 67,35,28) (S 45,27,28) (S 14,28,28) (D 0,1,1)
 0 1 10 19 39 5 (D 0,1,1) (S 58,35,36) (S 16,36,36) (S 48,36,35) (D 0,1,1)
 0 1 11 34 63 6 (D 0,1,1) (S 61,2,36) (S 41,36,37) (S 40,30,29) (S 49,29,36) (D 0,1,1)
 0 1 12 20 60 5 (D 0,1,1) (S 52,23,20) (S 11,20,20) (S 68,20,17) (D 0,1,1)
 0 1 13 33 72 7 (D 0,1,1) (S 25,4,38) (S 24,30,31) (S 15,31,31) (S 53,31,37) (S 57,37,36) (D 0,1,1)
 0 1 14 9 33 4 (D 0,1,1) (S 43,12,11) (S 63,11,12) (D 0,1,1)
 0 1 15 17 53 4 (D 0,1,1) (S 64,26,27) (S 22,27,34) (D 0,1,1)
 0 1 16 17 52 6 (D 0,1,1) (S 66,37,31) (S 70,31,32) (S 85,32,39) (S 42,39,5) (D 0,1,1)
 0 1 17 15 34 4 (D 0,1,1) (S 71,8,9) (S 5,9,9) (D 0,1,1)
 0 1 18 39 63 7 (D 0,1,1) (S 34,1,10) (S 6,10,10) (S 81,9,15) (S 9,15,15) (S 75,15,9) (D 0,1,1)
 0 1 19 30 54 5 (D 0,1,1) (S 80,1,11) (S 32,11,16) (S 29,15,16) (D 0,1,1)
 0 1 20 10 32 4 (D 0,1,1) (S 84,8,14) (S 54,14,8) (D 0,1,1)
 0 1 21 12 50 5 (D 0,1,1) (S 77,39,32) (S 72,32,31) (S 65,30,37) (D 0,1,1)
