425
13
1002
1002
 0 1 1 25 37 5 (D 0,1,1) (S 12,2,3) (S 2,3,3) (S 19,5,8) (D 0,1,1)
 0 1 2 18 35 6 (D 0,1,1) (S 17,1,2) (S 13,2,5) (S 4,5,5) (S 30,5,10) (D 0,1,1)
 0 1 3 27 45 7 (D 0,1,1) (S 31,4,5) (S 29,3,6) (S 5,6,6) (S 20,6,7) (S 21,7,11) (D 0,1,1)
 0 1 4 21 23 4 (D 0,1,1) (S 11,1,8) (S 7,8,8) (D 0,1,1)
 0 1 5 14 21 5 (D 0,1,1) (S 25,1,10) (S 10,3,11) (S 9,11,11) (D 0,1,1)
 0 1 6 19 30 5 (D 0,1,1) (S 24,1,6) (S 14,4,10) (S 28,10,11) (D 0,1,1)
 0 1 7 14 27 4 (D 0,1,1) (S 23,1,5) (S 32,5,9) (D 0,1,1)
 0 1 8 27 46 5 (D 0,1,1) (S 16,5,6) (S 33,6,9) (S 8,9,9) (D 0,1,1)
 0 1 9 14 25 4 (D 0,1,1) (S 35,1,7) (S 18,3,4) (D 0,1,1)
 0 1 10 27 35 5 (D 0,1,1) (S 1,2,2) (S 36,4,6) (S 27,6,11) (D 0,1,1)
 0 1 11 18 39 6 (D 0,1,1) (S 37,1,3) (S 22,3,7) (S 26,3,8) (S 15,8,10) (D 0,1,1)
 0 1 12 26 35 4 (D 0,1,1) (S 3,4,4) (S 38,4,9) (D 0,1,1)
 0 1 13 16 27 5 (D 0,1,1) (S 34,1,9) (S 6,7,7) (S 39,7,10) (D 0,1,1)
