1664
23
92472
92472
 0 1 1 58 83 12 (D 0,1,1) (S 3,6,6) (S 9,12,12) (S 19,27,27) (S 40,27,30) (S 21,30,30) (S 93,30,26) (S 18,26,26) (S 114,26,19) (S 99,19,11) (S 8,11,11) (D 0,1,1)
 0 1 2 94 135 15 (D 0,1,1) (S 46,1,6) (S 10,13,13) (S 75,14,15) (S 11,15,15) (S 76,23,22) (S 15,22,22) (S 49,22,31) (S 22,31,31) (S 39,31,37) (S 66,37,36) (S 27,36,36) (S 94,27,21) (S 118,12,6) (D 0,1,1)
 0 1 3 106 194 21 (D 0,1,1) (S 95,7,8) (S 54,8,14) (S 110,14,22) (S 16,23,23) (S 100,43,42) (S 30,42,42) (S 106,42,41) (S 29,41,41) (S 91,48,49) (S 37,41,49) (S 35,49,49) (S 83,49,48) (S 28,40,40) (S 87,40,34) (S 25,34,34) (S 107,18,26) (S 105,19,26) (S 101,18,29) (S 61,19,20) (D 0,1,1)
 0 1 4 21 42 5 (D 0,1,1) (S 117,12,11) (S 2,5,5) (S 41,5,6) (D 0,1,1)
 0 1 5 17 31 4 (D 0,1,1) (S 42,6,7) (S 4,7,7) (D 0,1,1)
 0 1 6 47 96 9 (D 0,1,1) (S 60,12,20) (S 14,20,20) (S 53,20,21) (S 97,21,27) (S 24,33,33) (S 44,33,46) (S 34,46,46) (D 0,1,1)
 0 1 7 30 73 9 (D 0,1,1) (S 51,6,13) (S 48,42,44) (S 32,44,44) (S 78,42,36) (S 88,36,35) (S 74,21,13) (S 116,13,12) (D 0,1,1)
 0 1 8 48 79 7 (D 0,1,1) (S 1,2,2) (S 50,3,9) (S 6,9,9) (S 115,9,8) (S 5,8,8) (D 0,1,1)
 0 1 9 23 62 7 (D 0,1,1) (S 68,16,24) (S 77,24,25) (S 55,25,28) (S 43,28,32) (S 104,32,31) (D 0,1,1)
 0 1 10 27 74 8 (D 0,1,1) (S 92,37,43) (S 31,43,43) (S 33,45,45) (S 36,50,50) (S 56,50,43) (S 82,43,37) (D 0,1,1)
 0 1 11 45 88 8 (D 0,1,1) (S 12,16,16) (S 17,24,24) (S 57,24,32) (S 23,32,32) (S 62,32,24) (S 102,24,16) (D 0,1,1)
 0 1 12 15 51 6 (D 0,1,1) (S 70,13,21) (S 80,27,35) (S 26,35,35) (S 58,35,27) (D 0,1,1)
 0 1 13 13 60 5 (D 0,1,1) (S 45,40,41) (S 52,41,48) (S 59,48,47) (D 0,1,1)
 0 1 14 16 67 5 (D 0,1,1) (S 72,31,32) (S 38,28,38) (S 63,38,45) (D 0,1,1)
 0 1 15 28 70 7 (D 0,1,1) (S 47,33,39) (S 64,39,29) (S 20,29,29) (S 65,29,18) (S 67,18,19) (D 0,1,1)
 0 1 16 7 57 4 (D 0,1,1) (S 73,43,50) (S 71,50,44) (D 0,1,1)
 0 1 17 12 42 4 (D 0,1,1) (S 85,20,30) (S 81,30,20) (D 0,1,1)
 0 1 18 12 50 5 (D 0,1,1) (S 111,9,10) (S 7,10,10) (S 96,10,9) (D 0,1,1)
 0 1 19 12 57 4 (D 0,1,1) (S 90,37,38) (S 69,38,43) (D 0,1,1)
 0 1 20 35 89 6 (D 0,1,1) (S 84,3,4) (S 103,4,10) (S 86,10,17) (S 13,17,17) (D 0,1,1)
 0 1 21 21 58 5 (D 0,1,1) (S 108,26,18) (S 79,18,5) (S 89,5,11) (D 0,1,1)
 0 1 22 10 60 4 (D 0,1,1) (S 112,45,38) (S 98,38,37) (D 0,1,1)
 0 1 23 7 46 4 (D 0,1,1) (S 109,37,32) (S 113,32,37) (D 0,1,1)
